 820434   1
847300   1
1005837   1
849103   1
848613   1
847332   1
478041   1
1077628   1
619095   1
482206   1
1224496   1
536616   1
406747   1
1040154   1
517763   1
1382197   1
518988   1
1077458   1
1005899   1
389987   1
403071   1
620243   1
536592   1
1005802   1
1228117   1
518913   1
1077424   1
963216   1
1226115   1
1040230   1
402270   1
478158   1
618692   1
960606   1
535030   1
1396864   1
775309   1
1077734   1
1040661   1
463982   1
720190   1
934543   1
619519   1
426173   1
407582   1
472801   1
1223761   1
1332871   1
620773   1
1247764   1
560899   1
1077712   1
1224700   1
522398   1
560431   1
1383390   1
1077767   1
533961   1
596534   1
1400848   1
1040887   1
1077399   1
619105   1
1107551   1
903245   1
477222   1
1005145   1
622732   1
1227794   1
330805   1
963217   1
533799   1
520353   1
440614   1
1261370   1
335555   1
1224492   1
2102050   1
669703   1
637211   1
642577   1
1077529   1
1227730   1
335946   1
389562   1
1227432   1
521479   1
1077501   1
1383744   1
1227749   1
479543   1
517556   1
317871   1
734101   1
1154002   1
335551   1
1020649   1
521720   1
1195358   1
1195602   1
536520   1
1107566   1
1223739   1
515926   1
1053953   1
636618   1
400635   1
368442   1
819734   1
524845   1
1227418   1
596247   1
1264951   1
597157   1
1263770   1
834600   1
1210259   1
775197   2
516594   2
334351   2
749109   2
303581   2
1040596   2
597257   2
598561   2
643902   2
790062   2
536577   2
792846   2
1346255   2
596455   2
1193680   2
1002830   2
1038921   2
459497   2
317686   2
792990   2
598176   2
539055   2
976791   2
316763   2
1092018   2
597280   2
518682   2
519074   2
1382758   2
734278   2
680584   2
1227964   2
576062   2
597616   2
1193443   2
597372   2
459718   2
960079   2
976483   2
367133   2
560901   2
618975   2
2101997   2
819789   2
597004   2
573898   2
806093   2
334925   2
2102061   2
1148463   2
933757   2
1195775   2
1400360   2
560372   2
318539   2
639586   2
989776   2
637017   2
831853   2
832342   2
1197111   2
1227446   2
1383865   2
335768   2
515860   2
407600   2
403755   2
948910   2
330427   2
992105   2
576361   2
1430219   2
1068714   2
1002364   2
935643   2
720629   2
777568   2
560115   2
1227239   2
515361   2
876010   2
516294   2
871947   2
944304   2
407703   2
1005637   2
368514   2
493658   2
1382782   2
961975   2
805986   2
598824   2
475840   2
520876   2
303438   2
1329349   2
1383367   2
368082   2
1177854   2
1162727   2
1449868   2
331512   2
524391   2
1166257   2
572018   2
574757   2
875296   2
991488   2
643603   2
523876   2
1004409   2
1448206   2
945526   2
1181707   2
1381903   2
2101885   2
976916   3
514004   3
1149877   3
1477073   3
635530   3
831751   3
524982   3
1430527   3
1003470   3
835372   3
792960   3
1382621   3
1383594   3
1139544   3
642792   3
372899   3
400531   3
850016   3
596633   3
1065847   3
1038875   3
1749980   3
517428   3
1746311   3
637338   3
517757   3
317328   3
388693   3
1097079   3
318867   3
337797   3
522876   3
539525   3
481362   3
819722   3
1001007   3
653582   3
775297   3
520782   3
1195828   3
426010   3
1162896   3
334132   3
875051   3
634781   3
779057   3
597159   3
407674   3
333908   3
1196445   3
516569   3
903231   3
989093   3
1179412   3
635981   3
680284   3
1078999   3
316867   3
819760   3
521132   3
1066710   3
976930   3
1066981   3
620800   3
1001364   3
598748   3
596813   3
1278569   3
1382096   3
1065669   3
570994   3
642342   3
1364755   3
1261528   3
1211398   3
517227   3
778476   3
540946   3
335808   3
681236   3
764624   3
1260230   3
987791   3
582093   3
330613   3
598072   3
493212   3
516004   3
1195684   3
865426   3
959695   3
334712   3
634957   3
934800   3
636695   3
619970   3
1067050   3
959860   3
596643   3
1265347   3
865364   3
935181   3
618120   3
313884   3
406897   3
524067   3
1229766   3
524351   3
876696   3
1037652   3
572121   3
463860   3
1002759   3
1749974   3
793039   3
332940   3
618824   4
1278753   4
805411   4
1053922   4
907260   4
874189   4
622702   4
1020580   4
1149138   4
777834   4
819928   4
437213   4
403935   4
976978   4
422226   4
976879   4
720388   4
762309   4
1038416   4
481146   4
638302   4
907486   4
1004124   4
540358   4
821676   4
598060   4
642394   4
573770   4
331646   4
992617   4
522368   4
521648   4
350321   4
1150770   4
865166   4
622383   4
990960   4
1478461   4
719193   4
990152   4
1050526   4
1230140   4
875880   4
598146   4
860885   4
617281   4
1278248   4
1038386   4
616626   4
876033   4
944340   4
696896   4
1222894   4
516471   4
779196   4
350927   4
332941   4
581712   4
1497623   4
681810   4
1162977   4
482602   4
349430   4
934892   4
959862   4
400761   4
946187   4
635556   4
481507   4
902269   4
524357   4
335828   4
1277623   4
1005138   4
523150   4
1244627   4
1245329   4
1210036   4
1477668   4
1383322   4
1379900   4
873807   4
334798   4
426172   4
680298   4
1092877   4
875572   4
536913   4
653231   4
1193180   4
1148836   4
481915   4
536961   4
596348   4
1365095   4
418952   4
350489   4
1196439   4
1148891   4
573953   4
456249   4
336325   4
1038042   4
315913   4
444918   4
635274   4
482895   4
541140   4
1002668   4
764568   4
1382311   4
599101   4
819796   4
596447   4
1001588   4
638739   4
891219   5
524759   5
671364   5
871756   5
719360   5
719479   5
1277168   5
458513   5
1037686   5
959820   5
750976   5
1396033   5
335077   5
515835   5
678649   5
1193468   5
541156   5
865140   5
656654   5
1148798   5
617627   5
1446589   5
1447284   5
959909   5
514386   5
407117   5
619998   5
1038333   5
637291   5
314112   5
1282072   5
1153720   5
1139077   5
1479941   5
1383115   5
1225780   5
777536   5
807658   5
334225   5
354601   5
316441   5
481224   5
1038124   5
482369   5
523831   5
520613   5
1260116   5
481675   5
1022045   5
1162792   5
992031   5
1383150   5
521222   5
335040   5
520740   5
719120   5
1003892   5
1477949   5
1281381   5
860360   5
524191   5
976697   5
1228255   5
480682   5
902951   5
538320   5
976659   5
935171   5
334176   5
538578   5
945014   5
580753   5
535934   5
338152   5
366999   5
846935   5
976489   5
1068748   5
521350   5
1378629   5
717197   5
332860   5
1077557   5
331395   5
570539   5
737699   5
1003448   5
871695   5
808692   5
1003466   5
1495778   5
1276836   5
332935   5
720400   5
808049   5
620311   5
1380996   5
1511542   5
1281405   5
775189   5
764395   5
334464   5
481867   5
747208   5
1229575   5
330537   5
642972   5
524656   5
680058   5
1447730   5
805390   5
1265881   5
1003858   5
750284   5
818508   5
334876   5
819851   6
1264659   6
834976   6
1382235   6
335256   6
1265525   6
1383669   6
537797   6
597026   6
524644   6
537509   6
539108   6
404586   6
329551   6
818229   6
865047   6
539087   6
482719   6
334677   6
635510   6
696374   6
617197   6
790431   6
976602   6
778391   6
793122   6
1278245   6
1384195   6
652935   6
1223549   6
976455   6
313842   6
976758   6
350912   6
426150   6
643707   6
1024791   6
534015   6
599134   6
819970   6
515611   6
719429   6
681768   6
331424   6
719964   6
791607   6
514051   6
539324   6
805980   6
1261819   6
539536   6
523155   6
988520   6
808029   6
642427   6
1497580   6
597530   6
990556   6
317222   6
350787   6
1195037   6
1224454   6
329775   6
621883   6
517242   6
476216   6
695452   6
1149790   6
793166   6
406138   6
945667   6
976667   6
793006   6
538114   6
1230178   6
336183   6
692690   6
907725   6
778696   6
789847   6
331144   6
720387   6
976902   6
532659   6
1227431   6
483006   6
805408   6
805835   6
583769   6
860231   6
441164   6
1383601   6
521952   6
617437   6
1263525   6
976885   6
517456   6
1148547   6
1148828   6
752234   6
988794   6
805218   6
1279508   6
935203   6
1447896   6
905765   6
333483   6
354859   6
791432   6
336703   6
331435   6
517620   6
520508   6
1092146   6
334835   6
873943   6
1378509   7
721466   7
1093058   7
851648   7
571334   7
988801   7
575285   7
1003218   7
820086   7
865362   7
423026   7
335781   7
521233   7
349266   7
403654   7
406863   7
988556   7
1380433   7
849182   7
1230698   7
791784   7
1003405   7
1282320   7
514016   7
1210084   7
934450   7
1384169   7
792998   7
478373   7
1382015   7
541231   7
333818   7
1037771   7
819872   7
2101337   7
1382780   7
779373   7
1195881   7
1003901   7
1109733   7
523934   7
1109863   7
1495812   7
976648   7
403578   7
634855   7
1003332   7
1038880   7
779672   7
1150897   7
894582   7
621720   7
765039   7
677460   7
438799   7
1038883   7
374298   7
1177991   7
1082018   7
1037884   7
515590   7
1037975   7
1064754   7
476970   7
524748   7
480924   7
821944   7
1383330   7
778529   7
846947   7
368542   7
522029   7
336021   7
976934   7
1193633   7
334553   7
520708   7
598801   7
313534   7
1193218   7
807512   7
335436   7
523460   7
803854   7
374302   7
1002370   7
1123007   7
516984   7
871154   7
976704   7
864447   7
870856   7
516714   7
1279123   7
871122   7
1038304   7
334713   7
976760   7
519076   7
834225   7
1223764   7
1314895   7
524848   7
480732   7
619958   7
532703   7
976981   7
523990   7
1038979   7
747976   7
657946   7
865378   7
778733   7
871045   7
722797   7
779918   7
1366423   8
792867   8
907309   8
1149675   8
1109616   8
522799   8
622920   8
400720   8
1039348   8
1038815   8
718087   8
976436   8
806802   8
1038959   8
406190   8
620068   8
778680   8
367026   8
446084   8
464134   8
642511   8
865299   8
922316   8
335452   8
520714   8
1092501   8
1004819   8
353114   8
1037920   8
792996   8
871232   8
1382381   8
1038449   8
891364   8
831850   8
1209286   8
1383143   8
515470   8
818194   8
1222968   8
873940   8
831668   8
1197070   8
407708   8
860266   8
821851   8
1077867   8
1210238   8
1039990   8
775144   8
987445   8
520908   8
1110364   8
1038558   8
791896   8
872058   8
791872   8
791758   8
808846   8
335924   8
1383596   8
521641   8
1162830   8
517500   8
779429   8
1038842   8
1149003   8
1125615   8
792988   8
779426   8
513915   8
792656   8
1448001   8
1004845   8
976890   8
334467   8
834953   8
723318   8
514319   8
1222578   8
793529   8
792914   8
1279000   8
334682   8
1005084   8
387840   8
1227976   8
1077532   8
1227544   8
793020   8
532880   8
792016   8
1038704   8
515500   8
1125099   8
1227989   8
517641   8
538218   8
1038690   8
640532   8
367377   8
760857   8
517326   8
1004099   8
1004868   8
403623   8
1038789   8
2102165   8
541305   8
1005668   8
860168   8
635526   8
1227243   8
774935   8
793134   8
560555   8
368571   9
517589   9
1350327   9
1002453   9
515483   9
1227468   9
1247611   9
870828   9
1107846   9
560499   9
516843   9
1040166   9
865330   9
822470   9
524932   9
1077687   9
1449999   9
1039155   9
832825   9
1382644   9
1038996   9
1094784   9
515735   9
1077503   9
521882   9
791106   9
1224764   9
1383858   9
720411   9
2101335   9
1038945   9
790029   9
1248365   9
1023725   9
960487   9
865300   9
337692   9
1005857   9
519375   9
935514   9
791140   9
1382413   9
517625   9
1224217   9
803875   9
1004859   9
516646   9
793009   9
1224259   9
871047   9
1248131   9
517467   9
334181   9
1244161   9
519512   9
775226   9
1195446   9
1040259   9
1122937   9
720866   9
870855   9
818486   9
475063   9
961070   9
1222665   9
536543   9
533604   9
536663   9
535257   9
387455   9
482571   9
404103   9
517772   9
1108042   9
636517   9
1077477   9
1107386   9
775403   9
521046   9
791901   9
1227434   9
517705   9
518979   9
524703   9
1195917   9
479775   9
518812   9
1077666   9
535634   9
520117   9
521117   9
1077761   9
437239   9
518990   9
521019   9
1077645   9
524846   9
1005901   9
518896   9
1227633   9
1227378   9
518969   9
518754   9
1003047   9
846452   9
520197   9
846924   9
1077517   9
1005990   9
1005717   9
1005953   9
1005968   9
818743   9
846978   9
846353   9
846160   9
