 820434   1
1005802   1
1005899   1
620243   1
1005837   1
520353   1
518913   1
963216   1
619095   1
478158   1
535030   1
536616   1
536520   1
478041   1
533799   1
1107566   1
389987   1
1040661   1
1040154   1
1077458   1
1077712   1
1040887   1
1077501   1
1040230   1
1077734   1
1077628   1
1077767   1
1227749   1
1227730   1
1227446   1
1227964   1
1227794   1
1227432   1
1227239   1
1449868   1
734278   1
775297   1
459497   1
463982   1
479543   1
792960   1
1382197   1
1332871   1
1226115   1
1195602   1
933757   1
835372   1
806093   1
560899   1
560901   1
560431   1
1005637   1
519074   1
517763   1
517757   1
517556   1
516594   1
517428   1
516569   1
350321   1
368442   1
367133   1
368514   1
335808   1
935643   1
960079   1
2102061   1
2101885   1
524391   1
524845   1
524351   1
1038921   1
696896   1
832342   1
596247   1
1223761   1
1224492   1
597257   1
1223739   1
1211398   1
596643   1
597159   1
596633   1
1222894   1
406747   1
1278753   1
1278569   1
426173   1
407703   1
407600   1
779057   1
1162896   1
876696   1
1166257   1
903245   1
1162727   1
819789   1
805986   1
560115   1
541156   1
560372   1
350927   1
1004409   1
989776   1
990152   1
1004124   1
990960   1
992617   1
515926   1
515361   1
903231   1
959695   1
948910   1
2102050   1
524982   1
524357   1
524759   1
524067   1
1002364   1
1020649   1
635981   1
388693   1
618120   1
576062   1
620773   1
574757   1
440614   1
598176   1
400761   1
1210259   1
1382096   1
1383390   1
403935   1
403755   1
402270   1
536961   1
536913   1
778476   1
777568   1
871947   1
871756   1
764624   1
805411   1
819722   1
790062   1
819796   1
539525   1
539055   1
540358   1
976978   1
514004   1
902269   1
891219   1
1038333   1
1038386   1
1037686   1
521132   1
522368   1
1050526   1
1001364   1
576361   1
1001007   1
573953   1
1154002   1
334712   1
634957   1
330805   1
318867   1
316763   1
1193443   1
1193180   1
1149877   1
1193468   1
1193680   1
1150770   1
1379900   1
1365095   1
1364755   1
1282072   1
1329349   1
680584   1
669703   1
1277623   1
1277168   1
762309   1
720629   1
314112   1
316867   1
334798   1
1749974   1
334225   1
334176   1
333908   1
1746311   1
337797   1
334925   1
1749980   1
976916   1
976879   1
945526   1
865426   1
865364   1
907260   1
873807   1
874189   1
876010   1
875051   1
1038124   1
1022045   1
620800   1
976659   1
976483   1
619998   1
572121   1
1139077   1
1149138   1
1245329   1
1265347   1
1263770   1
642577   1
642792   1
1261370   1
1230140   1
1446589   1
1447284   1
303581   1
596534   1
303438   1
671364   1
653582   1
1383367   1
1382758   1
331512   1
1382311   1
1383744   1
330427   1
616626   1
934892   1
617281   1
821676   1
876033   1
642394   1
643902   1
637338   1
637291   1
622702   1
619970   1
618824   1
597280   1
598060   1
598824   1
573770   1
482369   1
472801   1
444918   1
437213   1
406897   1
403071   1
354601   1
336325   1
334132   1
331646   1
330613   1
847332   2
847300   2
1077557   2
1228255   2
1227418   2
1224700   2
1430219   2
775309   2
775197   2
482206   2
459718   2
792846   2
1382621   2
1247764   2
1005138   2
335768   2
366999   2
1065669   2
1038875   2
681810   2
1224496   2
597372   2
596455   2
597157   2
597004   2
1396033   2
407582   2
1278248   2
1179412   2
1162792   2
819734   2
350489   2
515860   2
959862   2
2101997   2
523876   2
524191   2
1020580   2
1002830   2
1001588   2
372899   2
1210036   2
538578   2
538320   2
902951   2
875880   2
523150   2
521720   2
522398   2
521648   2
521479   2
987791   2
1195358   2
316441   2
332940   2
317686   2
313884   2
1197111   2
1281381   2
680284   2
680298   2
520876   2
520782   2
1092018   2
335946   2
1260116   2
1229766   2
1477949   2
1477668   2
1477073   2
1448206   2
1479941   2
335077   2
570994   2
639586   2
1383150   2
1383322   2
1430527   2
656654   2
536577   2
636695   2
638302   2
635556   2
596447   2
596348   2
482895   2
426010   2
315913   2
960606   3
961975   3
618975   3
1107551   3
637017   3
749109   3
598561   3
944340   3
959909   3
1097079   3
1225780   3
1383865   3
1383115   3
779196   3
515835   3
516004   3
959860   3
959820   3
1068714   3
582093   3
1382782   3
719120   3
719360   3
719193   3
992105   3
514386   3
1003892   3
1196445   3
1196439   3
678649   3
875296   3
976697   3
481675   3
572018   3
480682   3
1092877   3
643603   3
581712   3
481362   3
338152   3
849103   4
848613   4
518988   4
963217   4
619519   4
619105   4
533961   4
477222   4
536592   4
535934   4
400635   4
389562   4
1077399   4
1040596   4
1077529   4
1077424   4
637211   4
636618   4
1228117   4
1400360   4
1400848   4
792990   4
793039   4
1346255   4
1381903   4
934543   4
831853   4
831751   4
1005145   4
518682   4
368082   4
349430   4
335555   4
335828   4
335551   4
944304   4
400531   4
1067050   4
1065847   4
1066710   4
1195684   4
1195775   4
596813   4
1383594   4
407674   4
598072   4
598748   4
597616   4
1139544   4
1053953   4
1153720   4
1177854   4
1195828   4
819760   4
819928   4
834600   4
540946   4
541140   4
516294   4
517227   4
516471   4
523831   4
1053922   4
1066981   4
1078999   4
1002759   4
1002668   4
618692   4
622732   4
720388   4
720190   4
719479   4
318539   4
777834   4
777536   4
807658   4
989093   4
992031   4
991488   4
976930   4
1037652   4
1038416   4
573898   4
481915   4
1181707   4
1162977   4
317871   4
634781   4
1264951   4
653231   4
1497623   4
764568   4
750976   4
422226   4
317328   4
334351   4
335040   4
332941   4
976791   4
935181   4
935171   4
907486   4
860885   4
875572   4
850016   4
522876   4
520740   4
520613   4
521222   4
1003470   4
481224   4
635274   4
1148836   4
1148463   4
1148798   4
1244627   4
642342   4
1261528   4
1260230   4
1478461   4
946187   4
599101   4
934800   4
617627   4
865166   4
865140   4
734101   4
681236   4
860360   4
638739   4
635530   4
622383   4
598146   4
493658   4
493212   4
482602   4
481146   4
481507   4
475840   4
463860   4
456249   4
458513   4
426172   4
418952   4
945014   4
846160   5
846353   5
846978   5
846924   5
846452   5
818743   5
1005857   5
1005968   5
1005901   5
1005990   5
1005953   5
1005717   5
521046   5
518990   5
518979   5
518896   5
521019   5
519512   5
520197   5
521117   5
518969   5
518754   5
520117   5
518812   5
1003047   5
961070   5
960487   5
535634   5
533604   5
535257   5
536663   5
536543   5
1107846   5
1107386   5
1125099   5
1077517   5
1040166   5
1077761   5
1077503   5
1077687   5
1077532   5
1077666   5
1040259   5
1077645   5
1077477   5
1244161   5
1248365   5
1247611   5
1248131   5
640532   5
636517   5
1227468   5
1227378   5
1227989   5
1227544   5
1227976   5
1227434   5
1227243   5
1227431   5
1227633   5
1224764   5
1449999   5
723318   5
722797   5
775403   5
775226   5
790029   5
774935   5
775144   5
482571   5
479775   5
475063   5
792656   5
791758   5
793134   5
793009   5
791896   5
791872   5
792016   5
792914   5
792988   5
791901   5
792867   5
1382413   5
1314895   5
1265881   5
1380433   5
1382381   5
1382644   5
1382015   5
834976   5
834953   5
934450   5
865299   5
560555   5
865300   5
821944   5
821851   5
560499   5
822470   5
831850   5
832825   5
818194   5
803875   5
818486   5
803854   5
831668   5
1004868   5
1004819   5
1004859   5
1005084   5
1005668   5
1004845   5
517641   5
517589   5
517456   5
516843   5
517705   5
517326   5
519375   5
517625   5
516984   5
517620   5
516714   5
516646   5
517500   5
519076   5
517772   5
517467   5
387455   5
368571   5
353114   5
367377   5
374302   5
367026   5
337692   5
335781   5
335452   5
335436   5
922316   5
935514   5
368542   5
2101337   5
2101335   5
2102165   5
524644   5
532880   5
524848   5
532703   5
524846   5
1094784   5
1064754   5
1038959   5
1038789   5
1038842   5
1039155   5
1038690   5
1039990   5
1038883   5
1023725   5
1038880   5
1039348   5
1038996   5
1038704   5
1002453   5
1038979   5
1038815   5
1038945   5
1230698   5
871232   5
765039   5
657946   5
334181   5
1223764   5
1224454   5
1222665   5
1222578   5
1224259   5
1222968   5
1384195   5
1383143   5
1383596   5
1383858   5
720866   5
721466   5
718087   5
1279000   5
598801   5
1350327   5
1279123   5
1278245   5
597530   5
437239   5
406863   5
438799   5
779918   5
791140   5
779672   5
779429   5
791106   5
779426   5
1195917   5
1195446   5
1195881   5
1177991   5
894582   5
819851   5
805980   5
541305   5
541231   5
808846   5
808692   5
806802   5
808049   5
808029   5
350787   5
1004099   5
990556   5
515470   5
515500   5
517242   5
515483   5
515590   5
515735   5
515611   5
1109733   5
1109616   5
1082018   5
1037975   5
1038558   5
1110364   5
1109863   5
524703   5
523934   5
524932   5
524656   5
523990   5
524748   5
1068748   5
1077867   5
621720   5
1002370   5
374298   5
387840   5
620068   5
423026   5
1210238   5
1209286   5
1223549   5
1210084   5
1224217   5
1382235   5
403578   5
407708   5
404586   5
403654   5
403623   5
719964   5
692690   5
719429   5
1279508   5
400720   5
404103   5
538218   5
538114   5
537797   5
537509   5
778680   5
778733   5
778391   5
778696   5
778529   5
747976   5
871154   5
860266   5
872058   5
849182   5
860231   5
851648   5
818229   5
317222   5
846947   5
871047   5
846935   5
790431   5
805390   5
789847   5
820086   5
819970   5
819872   5
805408   5
539087   5
539324   5
539536   5
539108   5
988520   5
988556   5
988801   5
988794   5
976981   5
976934   5
514016   5
513915   5
907725   5
514319   5
514051   5
891364   5
870828   5
871695   5
864447   5
871122   5
871045   5
1037920   5
1038304   5
1037884   5
1037771   5
1038449   5
521350   5
522029   5
521952   5
523460   5
521641   5
521882   5
1024791   5
1003901   5
976760   5
976758   5
1003858   5
987445   5
482719   5
1195037   5
331144   5
350912   5
334682   5
334467   5
635510   5
1193633   5
1193218   5
1150897   5
1197070   5
1149790   5
1378509   5
1281405   5
1366423   5
1282320   5
1380996   5
1378629   5
680058   5
643707   5
642972   5
652935   5
329551   5
1276836   5
329775   5
330537   5
1511542   5
1497580   5
752234   5
764395   5
750284   5
720387   5
695452   5
677460   5
681768   5
313842   5
426150   5
349266   5
335924   5
334713   5
332935   5
333818   5
335256   5
332860   5
333483   5
935203   5
976902   5
976890   5
976885   5
945667   5
865378   5
905765   5
907309   5
865362   5
865330   5
860168   5
873943   5
522799   5
520708   5
520508   5
521233   5
520908   5
523155   5
520714   5
976704   5
976667   5
976489   5
976436   5
976602   5
1003466   5
1003405   5
1003332   5
976648   5
1003448   5
976455   5
1003218   5
476216   5
476970   5
478373   5
480924   5
480732   5
1125615   5
1148828   5
1149003   5
1149675   5
1093058   5
1148547   5
1092501   5
1092146   5
1264659   5
1265525   5
1263525   5
336183   5
642427   5
336703   5
1230178   5
1261819   5
1229575   5
1448001   5
334464   5
737699   5
334677   5
334553   5
334835   5
597026   5
634855   5
642511   5
635526   5
570539   5
313534   5
793166   5
792996   5
791784   5
791607   5
793529   5
793020   5
793006   5
791432   5
793122   5
792998   5
1495812   5
331435   5
1495778   5
1382780   5
1447896   5
1383669   5
1383330   5
1447730   5
1384169   5
331395   5
1383601   5
599134   5
865047   5
532659   5
534015   5
747208   5
720400   5
717197   5
696374   5
873940   5
622920   5
621883   5
617197   5
620311   5
617437   5
619958   5
583769   5
575285   5
571334   5
483006   5
481867   5
464134   5
446084   5
354859   5
334876   5
336021   5
331424   5
775189   5
779373   5
760857   5
805218   5
805835   5
834225   5
