847936   1
820434   1
849385   1
846412   1
1005837   1
849512   1
849103   1
848613   1
847332   1
820216   1
1077628   1
478041   1
849450   1
846570   1
619095   1
482206   1
1224496   1
536616   1
1040154   1
406747   1
518988   1
517763   1
1382197   1
1077458   1
1005899   1
848434   1
389987   1
620243   1
403071   1
845892   1
1005802   1
536592   1
518913   1
1228117   1
963216   1
1077424   1
1040230   1
1226115   1
1005652   1
478158   1
402270   1
1005651   1
618692   1
960606   1
535030   1
848385   1
1396864   1
849401   1
846290   1
1077734   1
620100   1
851504   1
1040661   1
820282   1
775309   1
846667   1
463982   1
849416   1
619519   1
934543   1
518737   1
426173   1
407582   1
1005996   1
1223761   1
1332871   1
472801   1
620274   1
1247764   1
1077712   1
620773   1
818939   1
560899   1
1224700   1
1005395   1
522398   1
1005744   1
1077767   1
560431   1
533961   1
1383390   1
1400848   1
1040887   1
596534   1
1077399   1
619105   1
1107551   1
903245   1
1005846   1
818673   1
848695   1
963217   1
1005145   1
846842   1
1227794   1
622732   1
520353   1
821108   1
330805   1
1005972   1
848961   1
533799   1
1005792   1
533584   1
620208   1
335555   1
440614   1
1224492   1
637211   1
2102050   1
1003018   1
1261370   1
848256   1
1077529   1
669703   1
621026   1
642577   1
618619   1
1227730   1
389562   1
620175   1
1077501   1
1227432   1
1005809   1
846453   1
521479   1
335946   1
619974   1
1227749   1
479543   1
517556   1
1005850   1
619832   1
1383744   1
335551   1
317871   1
536520   1
1154002   1
1020649   1
1195602   1
734101   1
521720   1
1195358   1
1053953   1
1223739   1
849432   1
515926   1
400635   1
636618   1
518672   1
1227418   1
819734   1
368442   1
524845   1
597157   1
834600   1
619255   1
596247   1
1264951   1
1210259   1
775197   1
1263770   1
521100   1
534231   1
836445   1
516594   1
550760   1
749109   1
1040596   1
1005464   1
1005736   1
334351   1
521016   1
619042   1
597257   1
401932   1
303581   1
598561   1
535209   1
790062   1
792846   1
1346255   1
643902   1
596455   1
536577   1
519529   1
1193680   1
478131   1
963308   1
1002830   1
1005649   1
961535   1
1263096   1
1038921   1
459497   1
317686   1
519801   1
539055   1
636698   1
598176   1
618560   1
619634   1
1005751   1
316763   1
976791   1
518682   1
1227964   1
1092018   1
734278   1
390464   1
519074   1
680584   1
597280   1
1228288   1
618975   1
1382758   1
1450134   1
597616   1
640460   1
576062   1
1040536   1
459718   1
1227828   1
597372   1
961494   1
1193443   1
960079   1
367133   1
560891   1
836482   1
519711   1
619004   1
819789   1
560901   1
2101997   1
963321   1
1243994   1
976483   1
775393   1
597004   1
1228225   1
533937   1
806093   1
536197   1
2102061   1
478105   1
573898   1
933757   1
821048   1
1263461   1
1327790   1
334925   1
519231   1
391237   1
636657   1
560372   1
1040522   1
1148463   1
318539   1
637017   1
989776   1
1126020   1
1227446   1
638093   1
722393   1
639586   1
639085   1
1383865   1
832342   1
1197111   1
1005939   1
533494   1
407600   1
335768   1
515860   1
533922   1
963385   1
479402   1
403755   1
1430219   1
560537   1
480917   1
992105   1
619200   1
576361   1
1068714   1
1246587   1
330427   1
619289   1
597808   1
1002364   1
935643   1
777568   1
1227239   1
560115   1
619197   1
1430217   1
720629   1
400526   1
390134   1
621007   1
1005451   1
1449767   1
515361   1
1040115   1
518923   1
536415   1
516294   1
407703   1
961975   1
871947   1
550855   1
1400986   1
368514   1
518750   1
876010   1
535025   1
1247516   1
1005637   1
400713   1
636532   1
749402   1
619683   1
805986   1
619261   1
493658   1
1382782   1
1106865   1
748712   1
1005419   1
400759   1
638906   1
1177854   1
519535   1
560490   1
636941   1
1077565   1
1162727   1
1449868   1
368082   1
619381   1
1329349   1
723184   1
520876   1
1003019   1
475840   1
934291   1
637257   1
303438   1
478026   1
619759   1
636648   1
524391   1
1228244   1
1097514   1
1227787   1
722822   1
619562   1
331512   1
822939   1
572018   1
536374   1
367362   1
991488   1
574757   1
1429924   1
1331956   1
367924   1
875296   1
1004409   1
523876   1
733513   1
1077443   1
1381903   1
2101885   1
519108   1
618954   1
1181707   1
1227995   1
643603   1
945526   1
1227517   1
1077673   1
1448206   1
514004   1
477909   1
976916   1
1107676   1
389909   1
1149877   1
831751   1
524982   1
792960   1
835372   1
639683   1
848654   1
1382621   1
775411   1
775114   1
1139544   1
1383594   1
390147   1
1477073   1
635530   1
519411   1
389563   1
1003470   1
1243966   1
536175   1
1430527   1
749784   1
524668   1
389745   1
400531   1
517569   1
1077714   1
372899   1
637214   1
560505   1
637302   1
832503   1
721577   1
1065847   1
1244088   1
1038875   1
517428   1
822416   1
517757   1
821881   1
850016   1
1097079   1
1749980   1
1746311   1
317328   1
388693   1
1077579   1
539525   1
637338   1
806117   1
318867   1
479638   1
368032   1
1162896   1
819722   1
775297   1
1350332   1
337797   1
1001007   1
1248271   1
522876   1
934555   1
749894   1
407674   1
934130   1
481362   1
391129   1
597159   1
517525   1
653582   1
519969   1
634781   1
921551   1
638899   1
426010   1
334132   1
1179412   1
1224619   1
402298   1
903231   1
516569   1
1196445   1
875051   1
642271   1
819760   1
533745   1
989093   1
1248231   1
640718   1
333908   1
1195703   1
402621   1
1078999   1
618662   1
635981   1
680284   1
1052904   1
350186   1
1066710   1
521132   1
976930   1
1066981   1
316867   1
598099   1
1278569   1
1226790   1
749875   1
596813   1
1366111   1
775204   1
1001364   1
519175   1
1247634   1
1065669   1
619118   1
619810   1
1228169   1
1382096   1
620800   1
849139   1
540946   1
517227   1
1211398   1
518690   1
1364755   1
533816   1
778476   1
831995   1
1434829   1
367559   1
639793   1
806143   1
520082   1
335808   1
642342   1
570994   1
1246535   1
1261528   1
1196021   1
639261   1
391220   1
639604   1
598072   1
1077766   1
1005718   1
889863   1
1228220   1
1228050   1
582093   1
845866   1
987791   1
1004858   1
516004   1
822625   1
681236   1
1001925   1
959695   1
1195684   1
846976   1
1382655   1
1260230   1
903163   1
1167437   1
478667   1
1400985   1
1005606   1
334712   1
636225   1
1449566   1
520355   1
521097   1
1065951   1
1346577   1
1067050   1
865426   1
493212   1
959860   1
1040515   1
596643   1
721433   1
1248601   1
1227481   1
775401   1
1246258   1
961991   1
1225772   1
1005405   1
934800   1
822627   1
636331   1
1002490   1
636695   1
1005368   1
876696   1
1077599   1
820001   1
619970   1
618120   1
891359   1
805066   1
524351   1
560479   1
313884   1
865364   1
533243   1
935181   1
902894   1
1040023   1
1096258   1
1265347   1
514947   1
1367299   1
722458   1
475646   1
1125035   1
1037652   1
1382084   1
1002759   1
406897   1
519243   1
961363   1
1229766   1
793039   1
775068   1
1278753   1
367322   1
336457   1
572121   1
805119   1
1362268   1
805411   1
961256   1
332940   1
1749974   1
463860   1
1245774   1
1053922   1
355508   1
793035   1
1449791   1
1005470   1
597892   1
636454   1
441768   1
560170   1
1345422   1
961560   1
1020580   1
932829   1
1382670   1
1004943   1
367694   1
836124   1
618824   1
1038854   1
734205   1
907260   1
1225559   1
933899   1
819928   1
874189   1
819854   1
391119   1
777834   1
1382420   1
1382145   1
1149138   1
350397   1
1227211   1
1248193   1
1077502   1
403935   1
1107850   1
791900   1
1095873   1
1278954   1
1067825   1
963335   1
976978   1
775164   1
388641   1
748656   1
960585   1
775390   1
1079266   1
1224743   1
422226   1
483466   1
790151   1
437213   1
1038416   1
1095313   1
976879   1
1040119   1
406434   1
523585   1
1244946   1
721959   1
762309   1
1004124   1
1399564   1
598851   1
749711   1
597375   1
934267   1
597657   1
519576   1
520009   1
481146   1
538958   1
540358   1
903982   1
734015   1
638302   1
1228110   1
1195947   1
387991   1
907486   1
1077759   1
750652   1
1038700   1
1077718   1
1097545   1
373748   1
1148775   1
1002544   1
721744   1
849400   1
933689   1
1430484   1
438574   1
1209104   1
1077744   1
335896   1
962963   1
901991   1
406506   1
821676   1
822760   1
636543   1
775186   1
790054   1
1077587   1
522368   1
1066557   1
524610   1
1226752   1
525114   1
819742   1
521648   1
1066582   1
1263107   1
2102153   1
775316   1
1004139   1
598060   1
751668   1
1226954   1
642394   1
681783   1
459572   1
1038683   1
573770   1
524967   1
639935   1
331646   1
822420   1
1225317   1
2101142   1
760844   1
597674   1
990960   1
524437   1
961229   1
1230309   1
1150770   1
821865   1
1430393   1
518681   1
479438   1
990152   1
1227720   1
1198186   1
749272   1
402966   1
865156   1
992771   1
719193   1
329406   1
1005141   1
425706   1
438541   1
1050526   1
536154   1
865166   1
875880   1
1383726   1
1746347   1
622383   1
775275   1
1278248   1
437777   1
1478461   1
367239   1
1227570   1
518934   1
1346997   1
482898   1
1263009   1
1247178   1
1230140   1
400326   1
1228153   1
944489   1
775139   1
1006092   1
514931   1
933114   1
1383720   1
524901   1
1065627   1
860885   1
822750   1
1038386   1
694087   1
679213   1
820638   1
1096104   1
617281   1
1434621   1
444903   1
540655   1
540886   1
807515   1
1005884   1
775475   1
775278   1
479447   1
1066282   1
316884   1
765536   1
1004840   1
1096942   1
1246296   1
659710   1
444429   1
944340   1
400842   1
722366   1
905189   1
524853   1
777346   1
315447   1
1278584   1
559861   1
1136124   1
779196   1
1350209   1
367244   1
368882   1
1040192   1
1246431   1
1279344   1
1230835   1
1222894   1
906997   1
1067728   1
350927   1
1226653   1
835341   1
516471   1
1107774   1
1193536   1
1246415   1
1095148   1
421002   1
1227444   1
793153   1
532722   1
696896   1
368545   1
1096744   1
1380966   1
524292   1
1097475   1
1093696   1
876033   1
1006018   1
535051   1
640127   1
1227795   1
1224369   1
720298   1
349430   1
959862   1
805451   1
791019   1
1053472   1
681810   1
1066898   1
332941   1
963362   1
1247019   1
1497623   1
514683   1
517793   1
1066455   1
400761   1
475474   1
1077765   1
1096032   1
581712   1
1004816   1
579705   1
1248160   1
894235   1
354825   1
902269   1
1329135   1
318938   1
335828   1
1448192   1
1195776   1
330367   1
482602   1
618613   1
477230   1
934892   1
515153   1
946187   1
1223132   1
621633   1
1400955   1
933772   1
642414   1
806044   1
1079076   1
2102122   1
1278119   1
1493787   1
748113   1
481507   1
464229   1
1277623   1
693569   1
678770   1
1328304   1
439503   1
1211659   1
680492   1
368199   1
1227326   1
1230665   1
1005138   1
523150   1
718025   1
1195084   1
560394   1
733368   1
894295   1
1245764   1
635649   1
535754   1
1210036   1
1332959   1
681381   1
1005855   1
540785   1
991477   1
961390   1
533272   1
716546   1
1349888   1
1065954   1
680911   1
353553   1
334490   1
934158   1
1379900   1
438201   1
1002526   1
400087   1
1244627   1
1002571   1
1245329   1
640707   1
1230537   1
479328   1
831943   1
680298   1
719297   1
438604   1
1477668   1
1004629   1
1383322   1
400795   1
484206   1
873807   1
439453   1
642769   1
789992   1
1247170   1
622242   1
1350054   1
482886   1
1227296   1
334798   1
595882   1
777624   1
934278   1
536913   1
1002463   1
524020   1
716972   1
426172   1
335816   1
864432   1
1745968   1
405828   1
402303   1
894338   1
750428   1
693650   1
653231   1
459622   1
749090   1
1138711   1
904867   1
1397046   1
875572   1
331802   1
515971   1
659653   1
1193180   1
988708   1
536961   1
1025411   1
1092877   1
807433   1
894283   1
850217   1
1746656   1
1077485   1
906868   1
681313   1
481915   1
444344   1
1005382   1
738199   1
1066103   1
774901   1
318497   1
804738   1
621233   1
334371   1
775299   1
425827   1
1277850   1
1107754   1
574851   1
822510   1
1148836   1
904649   1
1365095   1
719210   1
1196439   1
1065920   1
442475   1
573953   1
535336   1
1002230   1
514537   1
483576   1
408629   1
1106802   1
894284   1
831791   1
1040610   1
851390   1
992145   1
354767   1
679492   1
596348   1
1053650   1
1247540   1
418952   1
933929   1
1198187   1
537284   1
1365762   1
1148891   1
1226968   1
720901   1
1225852   1
1209994   1
888471   1
1228119   1
456249   1
479619   1
820071   1
573796   1
989282   1
1277614   1
1346479   1
1020592   1
1276777   1
1068011   1
1002413   1
1077977   1
1005407   1
1746011   1
541140   1
1148727   1
933868   1
479066   1
538115   1
723564   1
761713   1
336325   1
1040670   1
1277755   1
642826   1
517447   1
1225955   1
370997   1
520436   1
1038042   1
1762441   1
1002668   1
822624   1
315913   1
847231   1
637112   1
1400079   1
1079242   1
2101183   1
822940   1
765285   1
833698   1
1195699   1
908717   1
635274   1
1148819   1
444918   1
368799   1
538941   1
1005097   1
723279   1
619240   1
406272   1
851609   1
423549   1
1227337   1
819796   1
2101536   1
1066097   1
537195   1
1746549   1
524613   1
636674   1
1265907   1
317873   1
722563   1
894167   1
464493   1
407079   1
1477859   1
764568   1
903107   1
522902   1
1150811   1
317778   1
401189   1
534981   1
1001588   1
476501   1
762124   1
1398047   1
747188   1
751182   1
619906   1
424580   1
515810   1
524474   1
464060   1
1096831   1
747966   1
904061   1
1382311   1
532924   1
599101   1
1396579   1
1040853   1
407944   1
865394   1
335886   1
1210040   1
1383632   1
894176   1
893834   1
524759   1
596447   1
479296   1
949054   1
891219   1
1448784   1
1383357   1
1245566   1
597881   1
871756   1
870901   1
1166764   1
638739   1
524168   1
635021   1
1364770   1
386767   1
1005671   1
1004386   1
1068701   1
406363   1
472722   1
875738   1
367240   1
642989   1
1193242   1
934222   1
907469   1
2102238   1
353866   1
2101189   1
524182   1
748989   1
1053504   1
391791   1
402843   1
805834   1
907608   1
719360   1
1196773   1
484148   1
1004646   1
426021   1
315765   1
734652   1
523025   1
818391   1
671364   1
1138112   1
1037661   1
515812   1
1230769   1
355892   1
642494   1
407410   1
1210045   1
847819   1
944538   1
560375   1
1277168   1
1092891   1
871109   1
596973   1
1004406   1
2101175   1
349842   1
1379052   1
959820   1
660806   1
1227653   1
652549   1
1162253   1
805918   1
443457   1
1149109   1
1230717   1
352598   1
1037686   1
371145   1
671056   1
619147   1
402616   1
1434779   1
458513   1
1107733   1
482835   1
988726   1
1079027   1
1040045   1
520354   1
1092727   1
524262   1
400449   1
444735   1
437224   1
960202   1
748459   1
442473   1
515835   1
775077   1
1262374   1
619232   1
1198042   1
764182   1
1096631   1
355216   1
406903   1
2102081   1
960722   1
850046   1
865468   1
457832   1
865193   1
1195760   1
1225550   1
908733   1
387162   1
479304   1
1079007   1
335797   1
541156   1
540650   1
518813   1
482694   1
540847   1
1026548   1
635256   1
539512   1
678649   1
851319   1
831797   1
642603   1
764362   1
804535   1
961788   1
1166694   1
335077   1
1165522   1
1138703   1
375202   1
1005079   1
1247240   1
719901   1
1193468   1
793858   1
524992   1
1277368   1
368273   1
621513   1
1109888   1
1001085   1
317643   1
560244   1
718658   1
316704   1
516268   1
639062   1
523810   1
643612   1
476343   1
570602   1
442312   1
536007   1
1277900   1
902719   1
524741   1
1510870   1
426212   1
538143   1
480181   1
621328   1
1139646   1
440961   1
893027   1
2698933   1
1025625   1
822833   1
821342   1
1511262   1
1065901   1
669809   1
849799   1
639130   1
1448077   1
1006385   1
2101969   1
1001742   1
636179   1
335139   1
634704   1
1165109   1
1038292   1
368778   1
1195767   1
865140   1
492430   1
692419   1
514044   1
656654   1
401579   1
1365088   1
533220   1
1195967   1
1248283   1
865352   1
752181   1
1053444   1
719484   1
634130   1
335258   1
597562   1
477633   1
1020772   1
822435   1
696920   1
849197   1
403386   1
466059   1
519143   1
1148798   1
444481   1
1478174   1
721853   1
659899   1
680973   1
481510   1
1005136   1
803870   1
806440   1
303612   1
697405   1
793107   1
1448951   1
401570   1
1230154   1
576372   1
959909   1
387474   1
777802   1
1177751   1
865628   1
1195906   1
822461   1
1020887   1
681616   1
1052005   1
541164   1
1263454   1
1382293   1
617627   1
1106464   1
403139   1
1446589   1
1149054   1
890786   1
1180009   1
1350386   1
535912   1
634892   1
335228   1
1005829   1
764190   1
1264487   1
619161   1
330413   1
961990   1
641462   1
330877   1
902598   1
1051908   1
652651   1
387565   1
934263   1
335736   1
621780   1
443884   1
1447284   1
790886   1
1449810   1
934415   1
1178129   1
1004145   1
780107   1
934277   1
407117   1
599113   1
720855   1
775737   1
907016   1
653181   1
1134494   1
1195754   1
483591   1
992579   1
976418   1
368453   1
805369   1
1001809   1
775554   1
961035   1
904885   1
747430   1
1197363   1
1066145   1
337123   1
477228   1
514386   1
904961   1
2102017   1
576535   1
636838   1
403206   1
439287   1
1051132   1
1225160   1
1023948   1
871971   1
1004942   1
1227445   1
779077   1
1038975   1
750847   1
988950   1
373510   1
1327679   1
1002528   1
583809   1
515404   1
1281519   1
1510989   1
597293   1
617313   1
1001733   1
834517   1
478924   1
1053206   1
833844   1
1197437   1
455371   1
790782   1
1136125   1
1446455   1
819842   1
905777   1
1002621   1
634524   1
635240   1
822932   1
2101947   1
760858   1
1002310   1
833843   1
538413   1
641964   1
1162963   1
643280   1
934673   1
894532   1
790929   1
680273   1
680881   1
539581   1
349238   1
719226   1
822588   1
539103   1
642720   1
635845   1
658949   1
1077682   1
523308   1
821367   1
457055   1
1065366   1
1195576   1
1092868   1
1021865   1
524176   1
1178073   1
1479844   1
1433922   1
616653   1
1280539   1
437601   1
1136183   1
774877   1
387012   1
1746318   1
851859   1
906002   1
640069   1
693488   1
400170   1
722478   1
642831   1
406782   1
1038333   1
559860   1
1136409   1
515861   1
1064416   1
318755   1
596365   1
904858   1
445033   1
479327   1
1225014   1
368355   1
652553   1
374607   1
717839   1
652771   1
1617289   1
539300   1
619998   1
721721   1
693741   1
1764729   1
443380   1
718431   1
622046   1
803839   1
804950   1
539664   1
420493   1
1066958   1
692245   1
635856   1
575467   1
1153720   1
803614   1
533306   1
402278   1
560873   1
575698   1
560068   1
1110786   1
987696   1
533276   1
314112   1
790543   1
636362   1
1448004   1
637291   1
764638   1
636368   1
821858   1
596683   1
1749860   1
426185   1
1004204   1
699526   1
330181   1
1021095   1
908792   1
777493   1
1478377   1
445155   1
1004453   1
575105   1
1038424   1
539573   1
822581   1
821689   1
1020934   1
374295   1
1383757   1
1263202   1
368000   1
819985   2
514205   2
634705   2
477819   2
1038303   2
1745956   2
1153834   2
779292   2
1449477   2
2101942   2
1137887   2
539576   2
387764   2
775092   2
424673   2
1195301   2
1746109   2
734723   2
1040794   2
990806   2
1498035   2
1348708   2
331171   2
720976   2
1224339   2
1139077   2
1037797   2
1079170   2
640287   2
334680   2
1052344   2
1020846   2
1092779   2
1164241   2
1224990   2
1264673   2
368866   2
1279267   2
352864   2
1194992   2
893855   2
1066067   2
418564   2
821338   2
1383115   2
438522   2
1079133   2
748140   2
1479941   2
1040630   2
988878   2
407137   2
337041   2
596668   2
441969   2
717826   2
1262894   2
905435   2
949556   2
1001531   2
621105   2
805142   2
778857   2
642459   2
762123   2
425651   2
317892   2
819781   2
515679   2
427166   2
1050937   2
404508   2
1382604   2
437561   2
987831   2
720272   2
1111011   2
400025   2
1195323   2
749522   2
720655   2
540669   2
636947   2
1277193   2
644359   2
596543   2
387797   2
1166005   2
1038589   2
424563   2
635028   2
423276   2
1002249   2
385625   2
1065892   2
907020   2
1227394   2
1001011   2
822695   2
652704   2
723159   2
333411   2
1746306   2
1067041   2
894434   2
332372   2
572936   2
749013   2
464391   2
904935   2
540518   2
990214   2
1052414   2
442765   2
483597   2
699291   2
596799   2
368524   2
407987   2
560318   2
1025582   2
333683   2
573816   2
1166149   2
1066484   2
316465   2
1149792   2
350693   2
354487   2
733967   2
1382373   2
475434   2
948928   2
1263246   2
522929   2
1052987   2
791228   2
902011   2
616814   2
403657   2
865189   2
1225780   2
764151   2
749292   2
524645   2
581981   2
493652   2
1344724   2
1382469   2
577627   2
681657   2
422870   2
904905   2
1178611   2
620754   2
1494675   2
348161   2
679580   2
1148764   2
906998   2
1378891   2
619776   2
597310   2
1077589   2
368622   2
976736   2
652983   2
805994   2
517799   2
427483   2
659994   2
477865   2
653402   2
639235   2
560366   2
1745871   2
1448630   2
833537   2
560102   2
720983   2
850497   2
374698   2
721711   2
619632   2
976924   2
386559   2
539393   2
616702   2
353765   2
538804   2
1025032   2
1040237   2
576271   2
960757   2
718865   2
719337   2
515386   2
894340   2
1164502   2
1277574   2
1110716   2
948924   2
734674   2
560014   2
439758   2
723201   2
476999   2
1245331   2
1433871   2
658768   2
933942   2
1152659   2
719406   2
873858   2
524119   2
1210251   2
1224388   2
1004123   2
596604   2
571096   2
636607   2
1229916   2
318705   2
619639   2
597903   2
780114   2
1177743   2
1149658   2
1746460   2
560388   2
407181   2
1224295   2
1745849   2
832768   2
1040225   2
750018   2
534910   2
445179   2
751642   2
616791   2
598930   2
807658   2
818409   2
574274   2
426070   2
597591   2
622728   2
751186   2
639768   2
1002051   2
1064364   2
572197   2
1263105   2
560276   2
692993   2
1745580   2
1138306   2
764472   2
804608   2
1094143   2
349758   2
693151   2
681644   2
572016   2
1020564   2
355284   2
904472   2
865112   2
834857   2
832057   2
619696   2
426069   2
422998   2
1038773   2
437154   2
1367026   2
1193699   2
1065935   2
521856   2
1107920   2
738285   2
1004627   2
851279   2
524562   2
1024964   2
1399824   2
314450   2
635010   2
1178409   2
750453   2
906398   2
962724   2
437492   2
774808   2
1153393   2
445990   2
762993   2
388017   2
1037879   2
386074   2
573775   2
473018   2
1052206   2
478428   2
637444   2
597201   2
618480   2
866036   2
872087   2
538729   2
1096376   2
1383200   2
1617059   2
385567   2
408533   2
833810   2
466313   2
426992   2
537256   2
1230607   2
514849   2
1193610   2
1066450   2
1165261   2
652603   2
822478   2
834549   2
523266   2
747383   2
905493   2
642677   2
1276786   2
875386   2
819721   2
1193217   2
335127   2
1278113   2
805254   2
792889   2
1210640   2
334906   2
407050   2
990178   2
2749406   2
1245874   2
1054933   2
642847   2
680179   2
367410   2
2101205   2
539288   2
1395288   2
634474   2
515439   2
1006531   2
481058   2
1138054   2
777327   2
400429   2
575453   2
524721   2
1004063   2
1446079   2
1180304   2
518695   2
987518   2
865286   2
891490   2
819909   2
1224633   2
577841   2
390128   2
480473   2
538015   2
439318   2
671036   2
1139708   2
876180   2
1077575   2
538871   2
1140097   2
427414   2
1110919   2
1449443   2
722331   2
1227398   2
834133   2
765454   2
1223224   2
1149123   2
1138536   2
332870   2
385063   2
425315   2
1230583   2
1450222   2
521238   2
386516   2
643434   2
1137181   2
477480   2
1001567   2
303562   2
444761   2
374955   2
403411   2
976936   2
622693   2
622795   2
1138575   2
1749662   2
334225   2
1264626   2
518947   2
515294   2
1225170   2
597699   2
634925   2
1383576   2
1052047   2
643315   2
894403   2
905307   2
478715   2
775477   2
822421   2
1400397   2
636714   2
597022   2
761038   2
2101664   2
1195582   2
1040600   2
1244672   2
1265186   2
1021883   2
976989   2
1040190   2
520463   2
1002328   2
621115   2
1246510   2
402959   2
536794   2
374336   2
389904   2
1001475   2
437969   2
719105   2
374654   2
806373   2
1448906   2
521905   2
1068763   2
483649   2
1002266   2
539487   2
1498182   2
1277150   2
1004889   2
404395   2
987456   2
386218   2
441321   2
513983   2
387191   2
439211   2
1262045   2
902701   2
318342   2
439776   2
516571   2
523054   2
831907   2
373913   2
989384   2
662025   2
1198320   2
1382740   2
443889   2
1429125   2
481499   2
636129   2
618283   2
960834   2
518738   2
1149832   2
534970   2
775484   2
438706   2
367115   2
1040667   2
636512   2
893978   2
833900   2
1265514   2
539104   2
515663   2
559851   2
1053526   2
934860   2
315152   2
316441   2
1224378   2
850244   2
1383872   2
1038670   2
1053134   2
472743   2
620772   2
1002545   2
791967   2
1195244   2
1067990   2
1053688   2
1164050   2
1148478   2
639476   2
948907   2
354601   2
1138151   2
1261117   2
440520   2
790235   2
792931   2
538100   2
352852   2
903381   2
875568   2
652760   2
960951   2
752182   2
860247   2
722780   2
407667   2
316143   2
1746104   2
515915   2
976740   2
805145   2
903781   2
1051884   2
635676   2
580810   2
616980   2
521166   2
792598   2
443273   2
803639   2
1478343   2
1051213   2
865832   2
1245824   2
522345   2
318345   2
1248615   2
574161   2
1428887   2
765364   2
481224   2
560178   2
374665   2
617360   2
819912   2
1137054   2
746496   2
617564   2
1052385   2
1511041   2
1230550   2
617992   2
803610   2
1038636   2
1617488   2
374260   2
717846   2
577544   2
775280   2
1001674   2
1051856   2
804515   2
1223439   2
876575   2
463330   2
652832   2
1225763   2
620451   2
419942   2
643537   2
515825   2
776764   2
573802   2
634188   2
1136820   2
524077   2
670962   2
680110   2
575605   2
622878   2
1004267   2
559785   2
1227387   2
523831   2
1263968   2
458349   2
1038124   2
1037669   2
463006   2
318253   2
403789   2
1397218   2
425677   2
905916   2
1020808   2
722346   2
722309   2
573701   2
617634   2
438618   2
792857   2
835510   2
523814   2
576027   2
522843   2
619312   2
865863   2
775207   2
865239   2
524877   2
1225217   2
1053946   2
1122847   2
516197   2
1006886   2
721383   2
906524   2
1223103   2
476369   2
443932   2
907601   2
736871   2
333727   2
905127   2
777258   2
945258   2
524271   2
904995   2
1020618   2
894468   2
1002458   2
1382116   2
750226   2
807460   2
1477609   2
934492   2
976761   2
906880   2
1617201   2
875431   2
821411   2
977341   2
642958   2
1037577   2
582840   2
894374   2
482369   2
1397175   2
790042   2
315026   2
1164110   2
1137047   2
1022189   2
1382146   2
1053853   2
521860   2
620445   2
464457   2
352000   2
1037710   2
534178   2
332800   2
617574   2
1109309   2
1383316   2
934079   2
989179   2
1153047   2
316288   2
737488   2
779616   2
693498   2
445670   2
1163478   2
539047   2
1005818   2
643942   2
806343   2
1092653   2
334147   2
1750079   2
865302   2
515284   2
1038271   2
1148698   2
1262007   2
1165130   2
1345654   2
539926   2
793204   2
1137535   2
750590   2
820177   2
805740   2
560002   2
680424   2
520613   2
864276   2
634936   2
779075   2
1002501   2
875286   2
619079   2
1227324   2
1038823   2
1366675   2
541179   2
481356   2
1149786   2
514412   2
481581   2
1399580   2
515854   2
523372   2
456324   2
515027   2
538839   2
1162866   2
1003050   2
1162792   2
635150   2
860864   2
539417   2
1178215   2
523993   2
1227763   2
1382061   2
2102052   2
949540   2
403475   2
334816   2
1480142   2
1746327   2
642318   2
642409   2
438463   2
636662   2
1224368   2
352088   2
1345003   2
643719   2
642467   2
680723   2
638419   2
1006484   2
660724   2
1382141   2
692292   2
318219   2
539514   2
1278738   2
1260116   2
1125142   2
574704   2
421965   2
582679   2
791602   2
596879   2
634580   2
406734   2
803776   2
534195   2
680455   2
751279   2
524821   2
596630   2
778523   2
419144   2
1195316   2
1193544   2
934230   2
635736   2
533126   2
1004424   2
906318   2
522453   2
315069   2
1004924   2
634711   2
481675   2
1067314   2
871962   2
903241   2
723067   2
443239   2
866140   2
1052193   2
1148549   2
1383646   2
734904   2
1195854   2
1004375   2
777345   2
734587   2
935452   2
692779   2
367815   2
961342   2
1279179   2
1002065   2
1078904   2
409129   2
1446242   2
469080   2
634688   2
1001446   2
636395   2
597075   2
959668   2
368452   2
466693   2
619808   2
935197   2
961856   2
2102241   2
1264107   2
831638   2
621820   2
1332396   2
908563   2
1020812   2
483753   2
640317   2
865185   2
315857   2
1193520   2
1763135   2
894585   2
791095   2
1064358   2
1380212   2
1226854   2
1399799   2
314211   2
1194975   2
1195895   2
1276994   2
368496   2
314294   2
1510918   2
849522   2
1004828   2
480070   2
873970   2
423995   2
1211618   2
874274   2
1096615   2
944891   2
822514   2
514069   2
540786   2
659565   2
576344   2
524952   2
571396   2
523120   2
890589   2
751618   2
636958   2
317921   2
934838   2
944532   2
522059   2
791973   2
805493   2
1228293   2
598138   2
522798   2
722356   2
1002862   2
523099   2
777636   2
1446080   2
514817   2
538208   2
1193487   2
386489   2
989977   2
330782   2
680470   2
352882   2
1125977   2
636910   2
634095   2
779705   2
516394   2
1348773   2
355218   2
875117   2
873598   2
559956   2
474305   2
1002376   2
318749   2
541132   2
1263783   2
960754   2
1262246   2
1136838   2
1006707   2
598479   2
440230   2
635211   2
515000   2
1230487   2
833592   2
315282   2
478233   2
751026   2
777411   2
538460   2
521622   2
1617699   2
1196523   2
775450   2
1148500   2
391467   2
1223128   2
1746029   2
596681   2
819989   2
597726   2
1138827   2
517293   2
1350110   2
1107755   2
515524   2
403220   2
426351   2
1052214   2
620768   2
1495107   2
1001830   2
373270   2
1137247   2
695697   2
1180320   2
935121   2
750698   2
963268   2
1745931   2
1021101   2
425717   2
959796   2
934829   2
906012   2
597626   2
1092207   2
439378   2
438749   2
987842   2
1181048   2
959628   2
480602   2
1193649   2
652655   2
2102060   2
1195366   2
1365968   2
515177   2
617980   2
991537   2
1004944   2
335406   2
333377   2
992031   2
1181853   2
538296   2
583238   2
1446110   2
1004755   2
946276   2
522922   2
404331   2
537357   2
599032   2
1280101   2
619641   2
1066697   2
1135957   2
935557   2
697031   2
720888   2
1429452   2
521255   2
540848   2
1006233   2
481307   2
598949   2
1447902   2
477641   2
670181   2
791920   2
373831   2
865305   2
439057   2
987763   2
775174   2
1379223   2
478710   2
438635   2
976729   2
355197   2
652703   2
1006236   2
350347   2
2699038   2
791414   2
1749654   2
1745887   2
540561   2
515101   2
420020   2
894288   2
442939   2
644358   2
541148   2
849597   2
989929   2
1020943   2
622843   2
560391   2
1094321   2
656925   2
493108   2
888884   2
621941   2
1095799   2
735645   2
1037848   2
1383150   2
317387   2
961272   2
524259   2
1040703   2
1002402   2
516668   2
318789   2
906232   2
989257   2
1382522   2
719887   2
522441   2
944766   2
677214   2
1446936   2
819726   2
1050557   2
477897   2
315274   2
619430   2
475460   2
819822   2
718711   2
1066820   2
535528   2
835267   2
334941   2
483572   2
442058   2
1005063   2
987549   2
622792   2
521222   2
330841   2
385689   2
1006295   2
1038500   2
1222999   2
1002127   2
407552   2
1279348   2
617518   2
492984   2
987631   2
907617   2
1224719   2
573864   2
540552   2
1182048   2
865361   2
579632   2
1002997   2
1227261   2
317953   2
1210300   2
333504   2
1195467   2
539729   2
480211   2
331081   2
1178113   2
905848   2
774928   2
1209135   2
1002157   2
524589   2
334138   2
1224079   2
669833   2
464085   2
651622   2
888505   2
1110319   2
989855   2
635234   2
822947   2
405925   2
775195   2
445346   2
764195   2
514418   2
1003410   2
1382313   2
792690   2
751460   2
654228   2
1345749   2
1346975   2
539398   2
621109   2
575207   2
764717   2
1197184   2
560289   2
934172   2
1209128   2
644857   2
1006235   2
1002206   2
1382320   2
679615   2
523284   2
822450   2
1040719   2
621685   2
403609   2
463011   2
793067   2
976585   2
1002836   2
617015   2
1138561   2
1002768   2
352574   2
423183   2
617165   2
575702   2
1166415   2
442484   2
720108   2
571457   2
751658   2
640166   2
521645   2
1764714   2
1193659   2
1195942   2
1195565   2
977597   2
1429859   2
1022071   2
819856   2
621267   2
1344736   2
313156   2
1193174   2
598130   2
1181696   2
438183   2
1005115   2
934477   2
538769   2
777271   2
336579   2
1065166   2
1049407   2
572416   2
634065   2
367765   2
1277188   2
750531   2
806387   2
642611   2
875216   2
1749741   2
1448313   2
1344933   2
835439   2
353706   2
894390   2
402206   2
517112   2
493488   2
521857   2
1261483   2
906775   2
520031   2
1261202   2
1280710   2
935106   2
733537   2
621235   2
571294   2
779039   2
1383710   2
517700   2
483813   2
335040   2
621525   2
1379049   2
960466   2
1430293   2
373761   2
1177923   2
573690   2
533202   2
736356   2
1000982   2
1345873   2
620659   2
422182   2
1052108   2
1260305   2
652595   2
385624   2
368208   2
1746470   2
524540   2
536664   2
765347   2
520740   2
776054   2
638217   2
1051949   2
355186   2
1001668   2
423035   2
374525   2
350477   2
865442   2
516034   2
760889   2
617435   2
560325   2
805647   2
515950   2
921872   2
777458   2
1478798   2
1246251   2
514544   2
820026   2
535648   2
638350   2
1092651   2
576341   2
1263254   2
653409   2
514415   2
1397751   2
1095780   2
534292   2
718526   2
959604   2
1051314   2
1003011   2
314209   2
1494997   2
518981   2
1224367   2
876530   2
405779   2
634870   2
2102169   2
1245190   2
750331   2
737758   2
1382266   2
405783   2
1280674   2
681501   2
334046   2
1224568   2
1068060   2
670629   2
538588   2
947509   2
622182   2
764089   2
335112   2
718373   2
524509   2
1382626   2
1079180   2
439811   2
718413   2
313359   2
406655   2
932730   2
719686   2
479471   2
538103   2
1001079   2
906703   2
671944   2
719120   2
400175   2
1077786   2
1366406   2
482552   2
635775   2
1193486   2
580763   2
734262   2
820354   2
865184   2
1150967   2
1110386   2
747109   2
890479   2
521169   2
987861   2
865289   2
902836   2
533797   2
1149037   2
1037845   2
315428   2
1225338   2
315169   2
1226706   2
406367   2
1038087   2
1223029   2
419429   2
355113   2
750693   2
894435   2
514200   2
534075   2
1383766   2
1262536   2
597242   2
445450   2
597527   2
515223   2
1139924   2
990257   2
405910   2
1038486   2
1005715   2
1096039   2
532139   2
959952   2
822507   2
524475   2
540628   2
1038481   2
1001768   2
791737   2
423177   2
401418   2
1264298   2
576409   2
513759   2
922250   2
1022273   2
538067   2
536865   2
539308   2
750444   2
875462   2
1052737   2
573937   2
515405   2
642552   2
872984   2
1025464   2
642582   2
1279327   2
865097   2
657952   2
1040585   2
894584   2
1001473   2
386299   2
658913   2
1162639   2
477515   2
676623   2
523241   2
478579   2
404503   2
522100   2
1428933   2
368180   2
1002756   2
516103   2
696746   2
524007   2
523683   2
1038376   2
445664   2
779656   2
793053   2
1196983   2
1164044   2
865142   2
1345564   2
368160   2
1400920   2
864389   2
1125088   2
819927   2
872149   2
1092290   2
598795   2
1260544   2
1004217   2
653324   2
407212   2
835805   2
520733   2
574491   2
764951   2
720699   2
634816   2
352644   2
720375   2
483145   2
865653   2
483301   2
1260364   2
793128   2
653279   2
959635   2
1092968   2
1224272   2
1197251   2
1051741   2
723530   2
1139604   2
423080   2
387511   2
1139235   2
1038498   2
1230800   2
1181879   2
834572   2
406658   2
1448215   2
1198153   2
1210652   2
482943   2
793052   2
679136   2
904496   2
1211290   2
400641   2
819853   2
1349053   2
1020761   2
933877   2
1038581   2
1281381   2
1040709   2
2101710   2
516935   2
834637   2
1050998   2
440043   2
620236   2
1229490   2
599123   2
480223   2
722501   2
1093220   2
860272   2
355415   2
522105   2
1037772   2
404440   2
353064   2
420468   2
539141   2
1477949   2
905866   2
934891   2
736852   2
391583   2
597715   2
522715   2
350956   2
1210415   2
903272   2
804482   2
894484   2
1138375   2
1746548   2
1020565   2
894414   2
444147   2
762922   2
765132   2
437755   2
1749761   2
421712   2
479844   2
658686   2
908644   2
1277758   2
717171   2
908471   2
653426   2
1382906   2
1040778   2
524191   2
1065569   2
513886   2
1764286   2
524186   2
1209218   2
1379994   2
860360   2
1195462   2
332479   2
560312   2
1079183   2
1228255   2
960289   2
1195893   2
1004278   2
934833   2
721258   2
477796   2
480596   2
1224264   2
620865   2
806816   2
792743   2
791611   2
1447723   2
1332400   2
833291   2
775180   2
334942   2
643248   2
1037768   2
833192   2
318192   2
537847   2
317658   2
1399735   2
1038071   2
976697   2
1399769   2
947441   2
634503   2
385445   2
1749840   2
523648   2
598820   2
1091732   2
1265241   2
680786   2
659701   2
1149166   2
407645   2
634252   2
618835   2
1021027   2
1210473   2
748359   2
804168   2
949746   2
337077   2
791460   2
865328   2
1229749   2
480682   2
1023512   2
598401   2
519082   2
560577   2
406016   2
406629   2
463186   2
718070   2
681298   2
1262006   2
303783   2
865199   2
1001718   2
422959   2
902951   2
1195763   2
1178116   2
1265371   2
653170   2
875860   2
765959   2
1382640   2
1038035   2
1227562   2
894463   2
850493   2
1003411   2
1002811   2
1264303   2
524714   2
850400   2
514275   2
522926   2
904883   2
1003377   2
718142   2
865069   2
1092486   2
945651   2
427218   2
735830   2
1077800   2
1025460   2
750569   2
1139673   2
1004680   2
1277607   2
849378   2
901938   2
906758   2
1002214   2
373937   2
891371   2
524111   2
1264331   2
1224815   2
905677   2
1148961   3
524427   3
477798   3
1038630   3
598846   3
355337   3
834514   3
642975   3
516834   3
722759   3
537835   3
334870   3
1245461   3
720591   3
1001390   3
1021237   3
515779   3
539269   3
1195251   3
1023414   3
1007095   3
678748   3
425482   3
1193705   3
400361   3
1023899   3
1037763   3
1193652   3
597035   3
515986   3
1209879   3
2101903   3
336003   3
890977   3
477914   3
934846   3
988875   3
652993   3
1198038   3
1497839   3
1001780   3
865221   3
367698   3
621662   3
478723   3
1447447   3
775067   3
482132   3
1746064   3
751630   3
635231   3
935506   3
1001397   3
642361   3
1245631   3
521847   3
1433164   3
640611   3
761264   3
1378442   3
1262838   3
762414   3
332069   3
515533   3
439485   3
475491   3
1449321   3
934650   3
1278289   3
751270   3
420131   3
598521   3
659937   3
1006503   3
1228163   3
959926   3
581007   3
1067834   3
1092810   3
779367   3
517210   3
907488   3
427562   3
574627   3
355235   3
681111   3
1002731   3
578345   3
865052   3
1139624   3
945431   3
574814   3
560548   3
946146   3
933965   3
385385   3
1002803   3
418706   3
518930   3
834197   3
515043   3
635916   3
835205   3
1447894   3
821405   3
426033   3
572921   3
1230966   3
400263   3
718936   3
639902   3
1037660   3
849871   3
1148497   3
1382121   3
332371   3
642148   3
736616   3
1195030   3
1430427   3
1448200   3
317794   3
1167044   3
522078   3
515563   3
1764541   3
1006598   3
894472   3
752323   3
719591   3
596531   3
779119   3
749242   3
1040200   3
1040702   3
621412   3
1347203   3
1430424   3
1149589   3
1162985   3
748650   3
1229655   3
1054728   3
619745   3
1228290   3
1493993   3
520995   3
934074   3
537466   3
538320   3
1135983   3
764826   3
1279028   3
656089   3
944409   3
1277525   3
1277084   3
903120   3
693384   3
1149062   3
314562   3
905607   3
1446702   3
1226576   3
1052192   3
444725   3
482917   3
532892   3
351313   3
791579   3
1210026   3
894302   3
1851402   3
515734   3
1002877   3
718648   3
1051396   3
479057   3
1004729   3
660269   3
1210024   3
1225859   3
1148545   3
933526   3
791217   3
1265430   3
573243   3
1139159   3
483150   3
572000   3
658320   3
524126   3
1077495   3
537059   3
894261   3
578097   3
598439   3
803615   3
992291   3
314171   3
522554   3
681039   3
1162432   3
1003498   3
1077724   3
522865   3
1226537   3
1003055   3
330360   3
819770   3
822680   3
483628   3
1260868   3
721100   3
803887   3
1021754   3
1383570   3
751628   3
749425   3
1260296   3
850186   3
1038010   3
1004004   3
723080   3
475381   3
903738   3
865481   3
1004086   3
906907   3
1383538   3
865151   3
1261007   3
988484   3
1277469   3
960640   3
1138961   3
515862   3
1149091   3
865066   3
778944   3
1346663   3
439436   3
1006137   3
1209230   3
1230134   3
1278705   3
805453   3
1261169   3
834148   3
1004852   3
934574   3
576063   3
404427   3
596790   3
1148464   3
1384089   3
749882   3
658190   3
636468   3
1229989   3
481410   3
1004224   3
1078706   3
534253   3
478125   3
635624   3
317906   3
989948   3
638240   3
660560   3
906740   3
389774   3
334747   3
638406   3
426103   3
423697   3
514204   3
2101575   3
1066446   3
459569   3
483161   3
1477831   3
821862   3
1079107   3
622960   3
1193534   3
659366   3
540429   3
906119   3
962947   3
1243807   3
634466   3
1195887   3
316909   3
791502   3
581665   3
1211698   3
1280261   3
523282   3
1166118   3
353693   3
681805   3
833225   3
748308   3
1004748   3
805917   3
1195607   3
643611   3
401305   3
722263   3
761060   3
643358   3
524422   3
976659   3
303720   3
779211   3
1430397   3
1511158   3
315392   3
778290   3
1260811   3
765554   3
1366165   3
1166200   3
1139971   3
1260708   3
1225038   3
330410   3
894189   3
1448573   3
660636   3
2101811   3
1149672   3
354068   3
1260690   3
634934   3
1138058   3
1054956   3
806118   3
560319   3
1003206   3
1494672   3
778525   3
482482   3
2101991   3
1148425   3
1149080   3
1263332   3
1022269   3
1265857   3
621307   3
681035   3
1195168   3
374889   3
1037752   3
1227032   3
1382360   3
865312   3
515297   3
988369   3
694610   3
515531   3
596277   3
354769   3
1617134   3
539320   3
582706   3
513783   3
652861   3
352949   3
1067290   3
1092351   3
822425   3
478383   3
1227538   3
2101164   3
538371   3
1149578   3
524338   3
1430379   3
1002622   3
1001839   3
388688   3
1382697   3
977156   3
400481   3
482240   3
803629   3
1198059   3
1152859   3
1040757   3
540910   3
670128   3
779366   3
1429608   3
574527   3
822430   3
387243   3
935627   3
1227412   3
524177   3
1051006   3
1197558   3
539134   3
1066704   3
1382985   3
642391   3
478354   3
1163141   3
866044   3
660172   3
524862   3
1433663   3
314268   3
1344798   3
335894   3
539680   3
596235   3
333778   3
1400496   3
403128   3
680323   3
520861   3
348146   3
513707   3
1399959   3
334163   3
330806   3
658696   3
636258   3
352633   3
575434   3
1434676   3
777096   3
904626   3
1209972   3
334928   3
920570   3
1749990   3
1092199   3
1050872   3
1038029   3
407180   3
1383423   3
390022   3
779821   3
560175   3
1004802   3
477056   3
1136085   3
808955   3
1264930   3
1510962   3
538506   3
638636   3
418821   3
962923   3
1264754   3
477064   3
976884   3
659620   3
1445968   3
386514   3
1149797   3
679346   3
622914   3
406092   3
720766   3
935171   3
1383717   3
894169   3
1225131   3
331106   3
934812   3
315404   3
977267   3
524284   3
1079125   3
313186   3
634728   3
537027   3
374991   3
1162652   3
472374   3
804982   3
860467   3
935274   3
945534   3
1749470   3
1430269   3
524445   3
387447   3
1225511   3
426700   3
849812   3
876231   3
1005998   3
865089   3
749136   3
1004798   3
717127   3
1110845   3
1430029   3
762633   3
539276   3
681598   3
439202   3
1139819   3
354717   3
790532   3
478493   3
1379474   3
316138   3
804978   3
738016   3
1248104   3
537212   3
1148910   3
1110423   3
524945   3
906323   3
2101239   3
1078215   3
581105   3
513822   3
583669   3
515333   3
864751   3
907474   3
749551   3
1265364   3
353005   3
517558   3
1051242   3
920425   3
1209307   3
621991   3
653050   3
1348181   3
834947   3
1078592   3
1166033   3
1247511   3
438308   3
681807   3
1005130   3
524228   3
635025   3
680232   3
425385   3
385743   3
619195   3
1091786   3
480859   3
1749789   3
779389   3
638216   3
583925   3
1052582   3
1003102   3
574258   3
639781   3
2102154   3
438329   3
336806   3
313537   3
520635   3
318752   3
821355   3
1223074   3
483702   3
959539   3
1446422   3
978228   3
537899   3
639215   3
2101846   3
849369   3
444162   3
991639   3
466905   3
1001131   3
1193545   3
680242   3
332169   3
439189   3
992385   3
463795   3
870873   3
991550   3
820034   3
331130   3
577409   3
960057   3
908545   3
779254   3
651903   3
352184   3
976795   3
653740   3
790058   3
819971   3
515287   3
407653   3
640474   3
1263397   3
637486   3
315361   3
1280273   3
1180477   3
904172   3
1229586   3
1279138   3
791155   3
805526   3
765934   3
596360   3
313592   3
373521   3
1149029   3
803897   3
541316   3
524686   3
851376   3
851718   3
573823   3
1365841   3
1196814   3
692300   3
652131   3
904632   3
535688   3
1223942   3
1164166   3
1149890   3
334512   3
572363   3
790669   3
962770   3
697396   3
1181217   3
775479   3
791395   3
1052992   3
1223369   3
1261980   3
831680   3
670072   3
330628   3
421797   3
1209161   3
521675   3
989854   3
1344841   3
1003378   3
1040886   3
1494022   3
719273   3
820039   3
777325   3
677021   3
1001376   3
793605   3
1209194   3
641687   3
1002477   3
934911   3
890818   3
1003828   3
934408   3
427248   3
820031   3
876436   3
641865   3
622253   3
1134457   3
720305   3
640504   3
791417   3
1092281   3
865332   3
720182   3
1350074   3
619988   3
575326   3
1150294   3
1020635   3
1247093   3
1138552   3
534269   3
1264892   3
1111090   3
476693   3
865266   3
596846   3
481825   3
833799   3
1264674   3
403209   3
865764   3
1079127   3
721680   3
1261521   3
313601   3
538752   3
316112   3
719490   3
634981   3
1150269   3
949554   3
1261555   3
804731   3
746875   3
779035   3
1477875   3
850544   3
1005692   3
407985   3
865188   3
1110439   3
421847   3
580236   3
1001424   3
1245314   3
679322   3
723313   3
890726   3
1005107   3
536464   3
820021   3
792875   3
1110623   3
315804   3
1281494   3
977687   3
903863   3
317475   3
850172   3
407471   3
478922   3
1746201   3
571219   3
677079   3
779124   3
438679   3
407733   3
404366   3
1210152   3
1243201   3
334176   3
641650   3
945604   3
1125813   3
890843   3
962769   3
1263376   3
805632   3
906271   3
1851394   3
1038013   3
988849   3
935132   3
805172   3
793126   3
330120   3
1224760   3
720673   3
421885   3
456265   3
315651   3
1149189   3
1137337   3
833416   3
540875   3
534159   3
1260101   3
1211260   3
1243679   3
779895   3
865268   3
1109913   3
1278596   3
405956   3
1138048   3
313060   3
1277386   3
849497   3
1382608   3
1125498   3
476972   3
1209901   3
1211452   3
790063   3
806469   3
716430   3
1280702   3
680175   3
751930   3
1150609   3
778752   3
538757   3
1278163   3
959501   3
638593   3
515858   3
1004343   3
1161978   3
331080   3
1003993   3
1383543   3
620244   3
538578   3
658987   3
722076   3
523039   3
1397736   3
2101278   3
790140   3
317479   3
520709   3
1852387   3
991435   3
522805   3
1140294   3
793367   3
735655   3
1037913   3
1277834   3
790765   3
573320   3
737186   3
653605   3
1396665   3
622276   3
779344   3
315430   3
1162842   3
1445869   3
479758   3
523369   3
822780   3
1005092   3
573245   3
1262159   3
692306   3
818488   3
850359   3
1162952   3
517397   3
575358   3
559792   3
318970   3
659527   3
865390   3
407191   3
669856   3
1259959   3
335232   3
1148950   3
1038036   3
1138873   3
478157   3
642950   3
865220   3
1247310   3
806050   3
722259   3
1096012   3
720348   3
720676   3
934952   3
1040747   3
1149142   3
387744   3
819967   3
888693   3
676816   3
1166823   3
538698   3
1447253   3
779073   3
1265034   3
1260507   3
1139766   3
657077   3
355136   3
1001725   3
598741   3
988383   3
314443   3
990236   3
445279   3
777340   3
793347   3
1038033   3
906662   3
1230174   3
522793   3
778550   3
989786   3
1446196   3
1749586   3
1227978   3
693736   3
864783   3
946105   3
533489   3
1148760   3
935239   3
524158   3
653787   3
540714   3
805651   3
1280716   3
407559   3
935269   3
1109316   3
805528   3
1137160   3
959589   3
637832   3
1038267   3
635521   3
1349832   3
1400508   3
747914   3
1002200   3
697237   3
697546   3
681026   3
1383127   3
962795   3
2101967   3
335078   3
1078210   3
977139   3
721245   3
1038654   3
1278435   3
1004980   3
791154   3
318268   3
1616776   3
314568   3
1211650   3
989155   3
622653   3
850541   3
719422   3
935477   3
598128   3
738204   3
375167   3
374566   3
1002829   3
444023   3
1092978   3
463345   3
1138036   3
578532   3
619207   3
540744   3
350336   3
644912   3
406843   3
1762756   3
1223250   3
1148559   3
519938   3
1038898   3
1068061   3
1150932   3
1434438   3
695667   3
750704   3
1111102   3
818608   3
336420   3
314290   3
778486   3
1137940   3
657948   3
560292   3
621117   3
1277906   3
478788   3
776714   3
438236   3
402006   3
671834   3
1165151   3
977024   3
671739   3
978133   3
790008   3
1399236   3
1134450   3
1226392   3
693244   3
1434243   3
421505   3
874772   3
1366033   3
313176   3
348058   3
1227846   3
1450079   3
822755   3
570643   3
522462   3
1149605   3
464498   3
1001468   3
1149694   3
945014   3
1196643   3
576767   3
523199   3
539081   3
423473   3
1382549   3
1378823   3
1005164   3
1225883   3
1139960   3
1037864   3
404131   3
317915   3
597754   3
865171   3
1038942   3
695117   3
534063   3
524824   3
834218   3
1278704   3
721935   3
834766   3
1383654   3
578480   3
990121   3
1345877   3
934645   3
1447282   3
1037783   3
779355   3
514152   3
681642   3
1434361   3
418732   3
678856   3
421672   3
1121890   3
865109   3
2749012   3
833722   3
642379   3
524489   3
901933   3
476293   3
1448063   3
515058   3
765825   3
458727   3
641594   3
1110225   3
1092245   3
478292   3
642661   3
1279086   3
1313921   3
865262   3
597078   3
596729   3
791094   3
419398   3
962810   3
336672   3
1134569   3
717887   3
303416   3
819828   3
990643   3
1193690   3
792569   3
669986   3
482270   3
805624   3
1149156   3
1224925   3
1092244   3
1038265   3
634581   3
836803   3
639008   3
849780   3
719342   3
523412   3
1382734   3
1227542   3
946371   3
764113   3
537328   3
1383633   3
865040   3
573643   3
636184   3
935173   3
523087   3
1449058   3
789868   3
720141   3
1053487   3
573827   3
906527   3
493098   3
1617481   3
404046   3
1209955   3
1003372   3
1259908   3
669736   3
805637   3
1382402   3
977205   3
1749184   3
571805   3
1097493   3
524580   3
303483   3
515240   3
517253   3
1362636   3
1149155   3
1383175   3
875859   3
479271   3
652544   3
1447466   3
516809   3
520762   3
463157   3
1226138   3
517025   3
1498071   3
1004645   3
1038097   3
835858   3
775221   3
749542   3
1332330   3
793618   3
404454   3
1004005   3
793016   3
1020816   3
523399   3
634993   3
618483   3
697189   3
576624   3
515894   3
988893   3
515942   3
1198006   3
367583   3
1126031   3
481950   3
988663   3
1037819   3
622722   3
1176879   3
1001633   3
1148872   3
834291   3
1068724   3
765928   3
515091   3
949671   3
821825   3
335090   3
1149822   3
1262864   3
313629   3
865173   3
1109729   3
334130   3
865398   3
778365   3
676503   3
1003214   3
535535   3
1150638   3
479479   3
1447421   3
1125908   3
537444   3
533418   3
778782   3
1050567   3
718349   3
517590   3
1149773   3
1749558   3
643831   3
521911   3
329885   3
1150391   3
1447005   3
1193698   3
1025252   3
652713   3
318680   3
1092732   3
524763   3
976466   3
760847   3
331513   3
865169   3
1383789   3
1068544   3
1382184   3
779493   3
1038496   3
1109348   3
538252   3
573609   3
1006166   3
720957   3
1245479   3
865271   3
1278411   3
791048   3
1261054   3
1262120   3
1265839   3
792925   3
637233   3
670148   3
1003468   3
1137420   3
1279847   3
776443   3
778808   3
334414   3
643323   3
947464   3
1052178   3
1383027   3
1227311   3
636318   3
540481   3
350388   3
539337   3
1066891   3
404566   3
331036   3
1139347   3
318264   3
1139752   3
977016   3
1004744   3
1004884   3
575921   3
524208   3
1193719   3
427339   3
906766   3
643306   3
318765   3
804453   3
1038694   3
1400851   3
539212   3
1852783   3
790977   3
1328960   3
331379   3
778307   3
1148947   3
1149103   3
540239   3
349681   3
819999   3
1038028   3
514373   3
2101551   3
635565   3
961466   3
805868   3
331792   3
1002926   3
457198   3
889875   3
476836   3
1038497   3
533100   3
1229593   3
805579   3
807019   3
538918   3
575526   3
752212   3
721070   3
538217   3
1038080   3
894310   3
935539   3
778848   3
1006111   3
865146   3
539174   3
1125507   3
1066986   3
1264641   3
1052650   3
1005693   3
717988   3
539662   3
1162868   3
804186   3
1038420   3
334479   3
1037850   3
517601   3
539773   3
463135   3
576441   3
620101   3
515209   3
764446   3
1140350   3
636375   3
367062   3
634992   3
1164195   3
949801   3
1038193   3
697368   3
779189   3
1193455   3
539173   3
1344831   3
793043   3
1497753   3
873923   3
1110437   3
636308   3
1263889   3
1260447   3
1139366   3
317292   3
821674   3
779111   3
317393   3
581177   3
894408   3
1265018   3
835822   3
821421   3
661753   3
482303   3
752504   3
1383847   3
1038218   3
908639   3
871974   3
537142   3
932997   3
1134592   3
680668   3
762960   3
1125575   3
524682   3
1448168   3
635603   3
670113   3
533113   3
523718   3
819957   3
762365   3
639994   3
697307   3
1264473   3
540488   3
1247426   3
535288   3
1051191   3
635185   3
421377   3
821808   3
1245679   3
634926   3
765259   3
699160   3
1094315   3
597774   3
1093179   3
1209406   3
1260282   3
517630   3
635170   3
1006896   3
821722   3
582936   3
533993   3
1279915   3
318817   3
1149083   3
335187   3
734267   3
642775   3
961110   3
1038380   3
1196942   3
894219   3
1380273   3
680857   3
1262144   3
1224970   3
851551   3
1004951   3
960902   3
617558   3
534033   3
538825   3
1125584   3
1021283   3
947483   3
620379   3
792850   3
521180   3
761326   3
1037544   3
540403   3
1164708   3
620936   3
1746336   3
749605   3
313586   3
514573   3
538097   3
644350   3
1005987   3
514620   3
514609   3
457583   3
779466   3
1226313   3
1223178   3
1001675   3
1195308   3
560363   3
1364786   3
538420   3
1448677   3
478505   3
1149015   3
1064618   3
1328214   3
1225179   3
1053768   3
977944   3
806388   3
992822   3
819916   3
635648   3
721312   3
1004885   3
681708   3
577486   3
1149084   3
806349   3
808939   3
539908   3
1003916   3
935296   3
634716   3
865229   3
693853   3
597896   3
523726   3
539102   3
1446025   3
1166177   3
990607   3
1134385   3
1003383   3
874041   3
385429   3
694334   3
977348   3
1038490   3
1261036   3
976591   3
334095   3
1378811   3
907593   3
1279579   3
1230520   3
479013   3
374997   3
572479   3
441695   3
619209   3
579866   3
1478742   3
888713   3
921804   3
1229516   3
515271   3
540666   3
809050   3
598870   3
303426   3
1246791   3
642329   3
442922   3
1026070   3
1150956   3
671133   3
1279181   3
537728   3
1040019   3
515516   3
1279315   3
349478   3
1383996   3
1149031   3
1040499   3
1005048   3
1259788   3
1852376   3
1195959   3
1148957   3
1193606   3
475673   3
834814   3
1400409   3
1068053   3
1223064   3
439237   3
349586   3
580935   3
1498222   3
1260277   3
1138142   3
976655   3
480314   3
643392   3
424610   3
537968   3
875348   3
407119   3
1211217   3
1264287   3
618572   3
805070   3
1052377   3
404009   3
539903   3
1003942   3
1037562   3
1281297   3
318392   3
1038936   3
962678   3
438498   3
534918   3
765513   3
805008   3
790399   3
962798   3
539407   3
1279019   3
523746   3
1347536   3
619861   3
716653   3
989185   3
473415   3
1139761   3
1447053   3
540466   3
634633   3
493457   3
892418   3
644301   3
335079   3
1139605   3
791692   3
819962   3
573479   3
533454   3
746549   3
944794   3
1037729   3
479311   3
652719   3
1446785   3
1480121   3
1242972   3
1177898   3
1003537   3
439256   3
1148899   3
427529   3
670568   3
373271   3
894305   3
988764   3
1053193   3
1383836   3
514588   3
749973   3
659173   3
699896   3
1400720   3
657895   3
1003556   3
403663   3
620676   3
617193   3
775398   3
1006476   3
580753   3
598648   3
438412   3
1279593   3
385606   3
560241   3
865222   3
515554   3
1040009   3
988963   3
422990   3
523205   3
355935   3
1026000   3
1764149   3
621331   3
1224545   3
865121   3
337426   3
482594   3
949517   3
643687   3
1003439   3
1126051   3
1222560   3
681270   3
1383287   3
1149905   3
1262558   3
992254   3
792938   3
959586   3
791605   3
1038730   4
735705   4
1003523   4
537489   4
400539   4
521549   4
793119   4
1617046   4
1262875   4
946026   4
523278   4
1162716   4
572595   4
524298   4
1511278   4
805525   4
833695   4
1226755   4
1196911   4
535934   4
1006441   4
669834   4
721000   4
535718   4
1344869   4
779457   4
891343   4
1225193   4
1092223   4
336053   4
1150307   4
720918   4
1227477   4
988438   4
523588   4
1003512   4
1149725   4
1430827   4
718173   4
560396   4
316205   4
1230732   4
945048   4
639990   4
1245757   4
482868   4
316145   4
570945   4
1022988   4
1498211   4
1006311   4
873928   4
317958   4
533826   4
1229644   4
1764307   4
959560   4
515336   4
1348747   4
1617252   4
1493947   4
1209153   4
821373   4
865071   4
538623   4
1260772   4
751972   4
1195892   4
456716   4
331716   4
934141   4
1260313   4
523408   4
598192   4
539427   4
571524   4
423266   4
1383741   4
750585   4
550898   4
793037   4
831954   4
1149017   4
792937   4
523402   4
890956   4
635282   4
1397130   4
1224608   4
574368   4
1209243   4
406612   4
573581   4
945548   4
317858   4
959949   4
1003412   4
560109   4
1195078   4
1040038   4
1243203   4
865225   4
1243273   4
1166099   4
541256   4
992861   4
1211133   4
636193   4
904353   4
1193604   4
779408   4
2102126   4
516869   4
1149585   4
976482   4
1224710   4
1053118   4
946107   4
905515   4
1245205   4
1051101   4
833858   4
513935   4
1195601   4
1264201   4
621166   4
318586   4
581961   4
1449402   4
514150   4
1193630   4
1037829   4
387062   4
619141   4
598397   4
750344   4
806894   4
537955   4
617234   4
1383790   4
540285   4
523813   4
576960   4
805400   4
1110475   4
819869   4
596672   4
681328   4
960883   4
988421   4
679587   4
903983   4
1040879   4
1225724   4
407979   4
1148870   4
791958   4
976893   4
902634   4
438210   4
1264311   4
634790   4
698171   4
523455   4
805893   4
659313   4
1038678   4
642393   4
1230097   4
988698   4
644118   4
351000   4
520937   4
636188   4
521281   4
368271   4
523309   4
1149747   4
640074   4
537445   4
779593   4
1002745   4
1137835   4
517562   4
1051374   4
660971   4
978036   4
1617508   4
1498230   4
1378722   4
1383401   4
1004019   4
977481   4
793395   4
921775   4
475631   4
960427   4
750496   4
1193062   4
1107871   4
537045   4
865141   4
818413   4
1280868   4
1049539   4
793901   4
764764   4
1096050   4
851370   4
822914   4
1764188   4
437278   4
351776   4
514867   4
475497   4
944886   4
515387   4
483286   4
573966   4
1260264   4
1195924   4
1224758   4
934088   4
335067   4
352820   4
539621   4
1068955   4
934773   4
1162898   4
907664   4
751376   4
1276832   4
989703   4
520879   4
539196   4
1164601   4
636875   4
1197490   4
1225744   4
934865   4
456237   4
890432   4
1225054   4
1149778   4
524115   4
659372   4
524085   4
1004713   4
519159   4
1037917   4
1746471   4
582588   4
903683   4
764137   4
821794   4
1477823   4
523992   4
578334   4
875702   4
349510   4
718398   4
1021099   4
332062   4
1067560   4
976728   4
1149633   4
466656   4
537364   4
1263354   4
765956   4
517600   4
1038144   4
540775   4
524892   4
749601   4
805911   4
746763   4
333681   4
617010   4
865875   4
945292   4
1365026   4
752202   4
946070   4
1193454   4
890791   4
524471   4
1345830   4
669810   4
522994   4
483024   4
1003435   4
538942   4
1195287   4
596632   4
1038566   4
1004668   4
1077729   4
633484   4
866000   4
1138342   4
404321   4
1428783   4
404222   4
1005075   4
424348   4
524595   4
517628   4
653484   4
640919   4
445988   4
1038485   4
791687   4
374877   4
420765   4
718647   4
1162684   4
1050974   4
1379230   4
717648   4
479685   4
523440   4
1148534   4
750134   4
906875   4
1005969   4
1345962   4
1279180   4
851559   4
821740   4
1162848   4
1248254   4
1261600   4
821658   4
804722   4
819797   4
670721   4
317611   4
669752   4
803675   4
1006855   4
875065   4
960785   4
1197054   4
1068048   4
734948   4
483391   4
481174   4
945650   4
658481   4
737614   4
374167   4
521844   4
792893   4
2101286   4
426530   4
894401   4
1265145   4
1746613   4
540790   4
1263341   4
792916   4
1003613   4
1162907   4
538553   4
1396474   4
479476   4
1264483   4
1223155   4
401315   4
423053   4
333062   4
1210557   4
523159   4
1260508   4
479409   4
1149095   4
850330   4
438506   4
303445   4
1068952   4
821353   4
1262564   4
819929   4
1025685   4
464298   4
1265092   4
618327   4
1150065   4
532250   4
425664   4
1265412   4
1264173   4
1227140   4
1262354   4
537627   4
481234   4
1361416   4
479809   4
961538   4
1225627   4
524511   4
1264612   4
1378778   4
1225734   4
894417   4
1383434   4
622128   4
819956   4
1038083   4
821810   4
807539   4
819924   4
406471   4
438616   4
1400864   4
337921   4
719060   4
540792   4
680326   4
1261530   4
540533   4
720925   4
1020794   4
1004418   4
538474   4
481983   4
1382016   4
1179327   4
537201   4
680928   4
1096179   4
661821   4
539995   4
1449138   4
524947   4
680715   4
793152   4
316442   4
760837   4
733870   4
634362   4
805547   4
1082064   4
335442   4
540982   4
523945   4
1091724   4
1367157   4
1383749   4
353911   4
1038592   4
1149068   4
1345449   4
538287   4
893941   4
1038515   4
833720   4
1136697   4
334887   4
1152842   4
441983   4
522551   4
977310   4
1210220   4
539294   4
1003488   4
762870   4
819844   4
1002696   4
1434019   4
1478303   4
680948   4
621226   4
1138580   4
934599   4
642205   4
1245570   4
876859   4
681582   4
681646   4
570682   4
1107868   4
1193626   4
1026237   4
577555   4
1380122   4
1005030   4
535685   4
482001   4
978061   4
976716   4
540682   4
1150564   4
959673   4
933229   4
524293   4
1162397   4
334413   4
871999   4
1496492   4
865381   4
1260347   4
833919   4
976490   4
1263726   4
1279789   4
1210369   4
872172   4
1330420   4
1150172   4
659212   4
1363041   4
821891   4
1095730   4
636522   4
514802   4
1244062   4
635786   4
348362   4
560118   4
1764676   4
790823   4
1477926   4
1148797   4
992355   4
1264482   4
1077771   4
575096   4
421155   4
352901   4
1210343   4
976974   4
696525   4
962905   4
423114   4
892320   4
350497   4
437512   4
865355   4
934268   4
791181   4
876330   4
524683   4
303910   4
991774   4
692721   4
1003086   4
2101813   4
643317   4
515503   4
2102209   4
1109380   4
944788   4
538797   4
466874   4
1193024   4
1226559   4
653189   4
1023634   4
860528   4
444846   4
523285   4
368807   4
437736   4
1004663   4
1259999   4
387319   4
976497   4
960026   4
849519   4
902193   4
1005708   4
1383585   4
1261710   4
723226   4
719786   4
1003912   4
425458   4
1004291   4
1108822   4
1038241   4
792885   4
961374   4
1002569   4
652774   4
792855   4
348993   4
659865   4
1025651   4
1382856   4
560224   4
439864   4
329617   4
1037767   4
1110113   4
1193484   4
736977   4
598351   4
750414   4
1023720   4
1382212   4
1038599   4
1229850   4
1151010   4
355881   4
750901   4
524737   4
574119   4
636361   4
493227   4
478224   4
1023863   4
1002209   4
1093168   4
1002999   4
347856   4
836991   4
1367110   4
571789   4
1264507   4
478844   4
865211   4
776163   4
1280107   4
1447839   4
722104   4
1107943   4
596340   4
1447251   4
426596   4
871780   4
1149107   4
1196506   4
644166   4
1261983   4
537872   4
945493   4
523965   4
870825   4
831959   4
791528   4
482321   4
570537   4
537060   4
635124   4
934824   4
1364948   4
2101717   4
934399   4
806443   4
659086   4
1265335   4
477484   4
1038302   4
1078030   4
961095   4
1111052   4
865281   4
832578   4
932976   4
421114   4
760965   4
833899   4
481887   4
483578   4
387940   4
636564   4
1004275   4
619617   4
560584   4
597681   4
850480   4
1125748   4
539629   4
467394   4
1001437   4
1264210   4
355309   4
765290   4
679056   4
1383625   4
598166   4
1004940   4
947550   4
539291   4
907025   4
1037608   4
780020   4
1382922   4
803894   4
723212   4
865276   4
805864   4
1002441   4
315121   4
991481   4
524275   4
475679   4
539758   4
314625   4
1245983   4
990200   4
520410   4
962906   4
517477   4
893835   4
1434326   4
792975   4
680787   4
1068534   4
598206   4
472808   4
1154112   4
621944   4
1003298   4
520661   4
1193028   4
1125485   4
737676   4
908767   4
315515   4
1037839   4
721726   4
891492   4
890828   4
864657   4
961178   4
1260389   4
539443   4
959771   4
1225089   4
905914   4
538544   4
534150   4
1262752   4
865396   4
778367   4
1165721   4
522544   4
523410   4
1225100   4
721243   4
577739   4
1038562   4
1265204   4
778315   4
1264347   4
373989   4
523922   4
1384160   4
906470   4
671513   4
865317   4
822737   4
906734   4
679114   4
1226212   4
575427   4
976637   4
871034   4
934337   4
1245848   4
621827   4
865139   4
934199   4
779320   4
1383163   4
1230071   4
718722   4
865406   4
1038601   4
523153   4
1230170   4
1004380   4
960106   4
947247   4
1134624   4
720974   4
333498   4
777313   4
1109381   4
1265469   4
751595   4
418690   4
987869   4
779639   4
335748   4
537811   4
976888   4
1333150   4
1001384   4
836434   4
865230   4
1380598   4
524078   4
889753   4
401568   4
779299   4
2102076   4
537975   4
750210   4
1244328   4
792561   4
1365902   4
679715   4
1383381   4
652735   4
876023   4
735122   4
793870   4
680198   4
804743   4
976427   4
751180   4
2101588   4
1434214   4
523973   4
418539   4
439902   4
658726   4
657264   4
908481   4
353108   4
1224713   4
1379846   4
1149090   4
747307   4
1109659   4
619687   4
776403   4
336460   4
1243878   4
1134315   4
808776   4
1383157   4
426531   4
762761   4
1314427   4
1150963   4
1230674   4
1148887   4
672455   4
515661   4
779164   4
522717   4
1197360   4
1037706   4
1344985   4
976688   4
819820   4
734707   4
792041   4
523337   4
333232   4
1053703   4
944355   4
514389   4
693170   4
933228   4
792979   4
1026037   4
1134217   4
560143   4
776357   4
539119   4
1447410   4
864765   4
576958   4
778381   4
1210678   4
1851169   4
893901   4
421506   4
1383770   4
2102178   4
1224266   4
779833   4
721170   4
1242913   4
1430976   4
1003961   4
1244663   4
765796   4
865045   4
934595   4
484284   4
792974   4
575313   4
1148738   4
523016   4
988531   4
933800   4
1382407   4
819960   4
473204   4
642605   4
776613   4
1003996   4
1280554   4
524225   4
634388   4
1329145   4
806422   4
517989   4
894309   4
905440   4
523452   4
386948   4
1361499   4
459668   4
751006   4
1243263   4
652684   4
1447390   4
934696   4
368211   4
680390   4
1245854   4
1038652   4
894344   4
935275   4
660439   4
1225044   4
524270   4
805771   4
1066068   4
934941   4
945643   4
833601   4
1262447   4
747957   4
1764536   4
1004888   4
775538   4
1227295   4
1003369   4
765383   4
1222882   4
1125027   4
1244466   4
524388   4
792951   4
719175   4
1195630   4
1138294   4
775893   4
1383826   4
1107396   4
532707   4
619003   4
522987   4
791102   4
537128   4
1263315   4
642837   4
861100   4
805536   4
860600   4
1150208   4
1179017   4
1038413   4
1004964   4
789987   4
1229910   4
1494615   4
1193214   4
1349829   4
658197   4
960068   4
779364   4
1243158   4
775213   4
479147   4
1022984   4
961271   4
804548   4
932748   4
515522   4
679374   4
779995   4
596404   4
961376   4
1004105   4
535629   4
1193244   4
524106   4
805549   4
540067   4
989837   4
762641   4
1223891   4
791764   4
790569   4
1262735   4
444034   4
524873   4
1263425   4
834712   4
513931   4
374599   4
1140210   4
1224468   4
525180   4
989159   4
634588   4
850451   4
1262043   4
538116   4
1037682   4
635778   4
1193479   4
760753   4
752513   4
1110264   4
834220   4
733370   4
425925   4
1150918   4
1165901   4
903455   4
793115   4
1261316   4
1276802   4
865373   4
524274   4
989580   4
671634   4
351383   4
479657   4
534113   4
1006951   4
1345215   4
1149004   4
778482   4
1026103   4
367889   4
1195132   4
641892   4
669815   4
1037589   4
482972   4
335766   4
1328202   4
523268   4
746622   4
1109869   4
1178160   4
1004778   4
747401   4
482996   4
976471   4
1125652   4
761019   4
386457   4
1210306   4
777800   4
722855   4
1001366   4
793215   4
523230   4
1077898   4
575920   4
1281179   4
906945   4
1005439   4
779440   4
1002689   4
1261970   4
681744   4
750932   4
524157   4
1023585   4
477574   4
1280541   4
1095181   4
1149712   4
1107828   4
1165673   4
976707   4
1161954   4
1149101   4
1230916   4
1037883   4
1195279   4
991866   4
944386   4
1003927   4
1209929   4
550564   4
907424   4
1382543   4
514993   4
1617665   4
1004330   4
425578   4
894513   4
1038482   4
524467   4
790953   4
1349690   4
718376   4
752309   4
1193602   4
1021881   4
651304   4
1055033   4
778972   4
1449285   4
539822   4
373943   4
746512   4
1276978   4
865150   4
834891   4
1109330   4
1040588   4
1265355   4
1446022   4
775218   4
1068613   4
777561   4
888656   4
334167   4
1004694   4
865217   4
1261464   4
977736   4
335583   4
935159   4
1445927   4
934795   4
406299   4
962624   4
1749576   4
574712   4
833817   4
1259879   4
960038   4
521772   4
1193580   4
427435   4
1005055   4
1478098   4
865280   4
976739   4
1279408   4
945384   4
991006   4
1038249   4
978067   4
314741   4
537182   4
1223076   4
481630   4
1264768   4
537100   4
575323   4
1038443   4
534320   4
560902   4
1038843   4
524280   4
779236   4
1025469   4
737014   4
540459   4
1037623   4
1263364   4
718718   4
520415   4
1023308   4
893029   4
944778   4
538102   4
934583   4
1749087   4
1226871   4
539834   4
1265319   4
793822   4
618595   4
570659   4
988334   4
538298   4
681449   4
1134936   4
961002   4
1478433   4
1211707   4
422579   4
718611   4
523964   4
476086   4
1134223   4
406066   4
1110090   4
1378962   4
618941   4
537589   4
865629   4
1002699   4
906551   4
865061   4
1066916   4
1209311   4
934627   4
865319   4
1096595   4
1223192   4
989577   4
1382589   4
1225070   4
962828   4
791359   4
642328   4
424617   4
653396   4
775033   4
1197343   4
482652   4
935035   4
620940   4
1433927   4
1264958   4
329956   4
720445   4
643111   4
333511   4
1004510   4
1134560   4
1020674   4
1023794   4
1477850   4
619438   4
1038180   4
1122946   4
977269   4
658891   4
949454   4
1004907   4
1003838   4
722047   4
480554   4
962777   4
401796   4
906182   4
634879   4
893989   4
934431   4
456861   4
541049   4
638401   4
583033   4
463625   4
960124   4
961888   4
746670   4
408670   4
907562   4
1025621   4
1038801   4
538322   4
441278   4
1003995   4
1511486   4
944942   4
761302   4
1038098   4
332480   4
522819   4
961320   4
538637   4
1003520   4
805714   4
483636   4
1382669   4
976521   4
750641   4
948884   4
439829   4
374136   4
775399   4
1039178   4
349833   4
1230664   4
791404   4
1066733   4
575572   4
438376   4
903392   4
793141   4
865387   4
1361208   4
1154461   4
1037777   4
1163088   4
876194   4
525071   4
1001713   4
736069   4
991667   4
439946   4
386561   4
1005007   4
536624   4
1039210   4
634200   4
560376   4
680412   4
721364   4
906511   4
1210228   4
1109990   4
660688   4
1196453   4
693021   4
1002357   4
1195498   4
935180   4
350139   4
991698   4
933168   4
1020875   4
779427   4
1279943   4
1053755   4
1038232   4
803936   4
1021582   4
522766   4
779734   4
1225132   4
634604   4
476044   4
791623   4
634126   4
946255   4
1149669   4
1276747   4
638441   4
1228029   4
347892   4
533239   4
835195   4
793180   4
1224753   4
793754   4
403275   4
1265071   4
522343   4
922185   4
681077   4
833661   4
1260273   4
792953   4
1109837   4
652630   4
1005817   4
338152   4
517398   4
803811   4
793125   4
680030   4
677623   4
1149947   4
1006446   4
1478043   4
523141   4
560749   4
1005622   4
1163837   4
790005   4
922453   4
540497   4
1382986   4
1025528   4
483420   4
404428   4
1154283   4
524382   4
572815   4
524196   4
1037658   4
574658   4
775078   4
437594   4
821371   4
976721   4
792593   4
790935   4
934073   4
1094366   4
1006443   4
873662   4
960434   4
906632   4
1278511   4
1493967   4
482824   4
804338   4
1243612   4
1148532   4
793853   4
1134268   4
679779   4
515615   4
456781   4
2101351   4
1345804   4
1448227   4
764342   4
658741   4
933010   4
536030   4
1125009   4
373221   4
1260475   4
523484   4
479073   4
389345   4
524641   4
865547   4
1243653   4
524966   4
517749   4
1260742   4
538586   4
540616   4
959680   4
1209198   4
481949   4
775545   4
932847   4
1038484   4
1004630   4
871603   4
1193702   4
1223990   4
1430499   4
445831   4
1092160   4
1065922   4
651430   4
876211   4
1005059   4
1077755   4
933943   4
515132   4
805887   4
1003856   4
1003064   4
821382   4
316746   4
622458   4
906438   4
1262035   4
894331   4
1262377   4
821688   4
1004957   4
779899   4
523046   4
513751   4
1149980   4
945529   4
945448   4
1003985   4
334658   4
793755   4
638244   4
1382786   4
1278316   4
2749687   4
534171   4
976525   4
976937   4
619787   4
1378794   4
976425   4
962904   4
574725   4
583913   4
517486   4
617359   4
523771   4
524133   4
976685   4
521956   4
991991   4
750935   4
1247477   4
539996   4
850714   4
949441   4
775858   4
426758   4
1150466   4
750171   4
804238   4
476405   4
1003334   4
1196895   4
1382622   4
1349854   4
865160   4
1040071   4
933934   4
779257   4
1367105   4
2102054   4
779172   4
676921   4
480815   4
749100   4
2101422   4
819975   4
1037720   4
1495918   4
560367   4
875355   4
1365506   4
749886   4
791287   4
1068127   4
334575   4
537177   4
439033   4
539830   4
750896   4
515111   4
671660   4
572836   4
977792   4
1210461   4
697469   4
516742   4
804639   4
1002723   4
523974   4
1004618   4
350310   4
1400701   4
959898   4
1038954   4
635985   4
819892   4
793677   4
1280741   4
1247334   4
988782   4
1446958   4
1165334   4
1260374   4
523198   4
1082161   4
1195689   4
677565   4
639382   4
1379662   4
1002198   4
793136   4
779029   4
791455   4
1246969   4
904229   4
583353   4
634773   4
1227221   4
805206   4
793074   4
318275   4
865208   4
524713   4
1040750   4
789877   4
990919   4
538966   4
935548   4
779597   4
1383784   4
790952   4
932803   4
1151022   4
805238   4
792654   4
1109656   4
750443   4
1069250   4
1110067   4
1038120   4
532186   4
779371   4
1195248   4
517493   4
535188   4
1225018   4
403969   4
865104   4
1022220   4
333646   4
775374   4
947425   4
805739   4
906967   4
335326   4
540247   4
779126   4
1277212   4
694458   4
976592   4
934914   4
374232   4
963176   4
1195654   4
524825   4
540691   4
515373   4
1265380   4
849273   4
891392   4
1038310   4
1281541   4
521078   4
1224644   4
595951   4
791214   4
1125452   4
718313   4
1225890   4
1003535   4
404596   4
570567   4
597752   4
1177726   4
538090   4
819764   4
1038263   4
848680   4
751332   4
849524   4
1004936   4
935662   4
598853   4
751015   4
1227857   4
335869   4
537499   4
1209448   4
331582   4
804801   4
934219   4
865213   4
680754   4
1852361   4
1365431   4
988633   4
335845   4
793104   5
1749110   5
907211   5
903250   5
1150532   5
1494687   5
960956   5
426671   5
976809   5
1038284   5
536956   5
1004823   5
483791   5
439412   5
819968   5
521988   5
524896   5
348006   5
517258   5
518907   5
537162   5
642987   5
478225   5
635760   5
1038099   5
366999   5
524091   5
541252   5
1150613   5
550916   5
368286   5
1107730   5
1068076   5
947393   5
873998   5
522080   5
1260848   5
774810   5
1092217   5
1480139   5
2102038   5
538335   5
403259   5
903578   5
1197400   5
516082   5
661780   5
833188   5
1616912   5
619301   5
976489   5
1177995   5
332650   5
902505   5
1193032   5
1067122   5
945464   5
514501   5
519315   5
1054879   5
1448861   5
846935   5
778777   5
439365   5
515131   5
778928   5
670987   5
1378935   5
1178040   5
1383553   5
1429281   5
522797   5
946331   5
334445   5
335310   5
747086   5
1746075   5
945481   5
1222753   5
1180565   5
907523   5
1763989   5
987788   5
537250   5
622890   5
1230771   5
2101848   5
1226533   5
1138417   5
902005   5
1037940   5
988648   5
907660   5
779628   5
894389   5
524237   5
779297   5
1449661   5
791166   5
723209   5
1037775   5
747970   5
821867   5
538308   5
865158   5
524108   5
1065391   5
1148536   5
945313   5
962825   5
865310   5
934769   5
865240   5
476963   5
1110407   5
1193999   5
1265872   5
793164   5
778342   5
751663   5
752250   5
1137956   5
819935   5
821372   5
441720   5
514716   5
1038400   5
539813   5
1225184   5
619415   5
524747   5
1497843   5
1193036   5
1139847   5
959756   5
1162011   5
535029   5
932882   5
1153147   5
1039836   5
1109660   5
790017   5
792852   5
517695   5
987444   5
722021   5
1001275   5
514803   5
336022   5
819791   5
336470   5
2101541   5
718357   5
2101513   5
1111035   5
1230873   5
735012   5
576686   5
1277592   5
443000   5
1225001   5
991743   5
760871   5
976513   5
335260   5
819811   5
959783   5
959755   5
791369   5
819992   5
642682   5
1162926   5
1038408   5
517745   5
805968   5
1148861   5
1004915   5
560220   5
779807   5
1381068   5
1092883   5
438755   5
902140   5
583522   5
1749181   5
316478   5
752508   5
517433   5
316853   5
904160   5
716630   5
1038618   5
944451   5
989049   5
1264671   5
976830   5
1364902   5
334540   5
1193574   5
793988   5
723087   5
1026153   5
1039627   5
976964   5
792645   5
639685   5
538685   5
1399550   5
1193691   5
1260165   5
804279   5
806098   5
427184   5
540972   5
1003481   5
541299   5
1004783   5
403861   5
961900   5
752510   5
635728   5
1279752   5
1261294   5
890831   5
793955   5
1197119   5
1004392   5
1262899   5
1382226   5
1497631   5
962922   5
1379283   5
792739   5
1005599   5
1350350   5
722152   5
903673   5
1480170   5
1023777   5
331996   5
334194   5
2101599   5
792995   5
720753   5
524057   5
834128   5
524878   5
1243193   5
804709   5
1002088   5
760921   5
908780   5
790930   5
821803   5
524815   5
736432   5
516346   5
1037650   5
537755   5
534168   5
1245262   5
515379   5
1246022   5
1381127   5
750203   5
1224549   5
1224595   5
2102138   5
871629   5
871082   5
1197280   5
865201   5
1433691   5
550910   5
961887   5
1066034   5
1005613   5
1395874   5
976495   5
406177   5
333314   5
523937   5
681213   5
818605   5
1003902   5
865165   5
478302   5
992839   5
539802   5
1068748   5
523133   5
805186   5
1260162   5
793552   5
1344669   5
1279214   5
335005   5
1209283   5
514366   5
2102134   5
720135   5
778480   5
517468   5
2102053   5
804268   5
988415   5
1617172   5
1262252   5
960281   5
819896   5
525134   5
1163148   5
833327   5
960105   5
1006558   5
368660   5
524792   5
621270   5
876397   5
1109952   5
751316   5
1478745   5
1162269   5
1037871   5
960276   5
851892   5
524297   5
1246405   5
1002906   5
521133   5
990734   5
864819   5
871023   5
1003872   5
635617   5
1196238   5
961136   5
335141   5
521350   5
332999   5
976993   5
791323   5
1005926   5
807844   5
1005393   5
1038479   5
933770   5
1065584   5
865186   5
1003630   5
1396353   5
1037664   5
356188   5
790971   5
976417   5
1109276   5
659712   5
538767   5
991138   5
1004085   5
961694   5
535568   5
934509   5
779673   5
1244275   5
575013   5
961503   5
1264526   5
426113   5
479750   5
1223475   5
871508   5
977312   5
575082   5
533299   5
976690   5
791827   5
833897   5
733882   5
635009   5
765080   5
513942   5
524211   5
1245960   5
483280   5
1280802   5
537544   5
1382973   5
1005135   5
403917   5
960022   5
976523   5
935266   5
1037575   5
865060   5
519465   5
1378629   5
439726   5
1162298   5
316192   5
2748986   5
1194016   5
477876   5
717197   5
1003046   5
539428   5
1852438   5
778524   5
1040336   5
865159   5
991714   5
523179   5
792939   5
1134484   5
386658   5
522399   5
721080   5
1262054   5
574315   5
1004339   5
1265532   5
779458   5
990780   5
1038288   5
976859   5
1243813   5
573771   5
680334   5
793296   5
2102229   5
1037882   5
1107446   5
976880   5
350349   5
779061   5
1068654   5
533314   5
670560   5
1125569   5
539371   5
779020   5
1400538   5
775452   5
387895   5
805518   5
639277   5
906070   5
870931   5
1261446   5
1279701   5
523000   5
517410   5
516901   5
535389   5
791078   5
976658   5
1382325   5
921936   5
1209881   5
761127   5
313248   5
1125234   5
1110951   5
1383094   5
619690   5
775439   5
1193725   5
333857   5
1227722   5
405832   5
1077484   5
520285   5
439010   5
1001499   5
791346   5
831723   5
1134300   5
977761   5
906947   5
1166739   5
807482   5
806397   5
514368   5
779109   5
520578   5
373922   5
332860   5
805191   5
333124   5
1110310   5
1265180   5
819934   5
1230143   5
1051167   5
833529   5
1210910   5
458442   5
1383721   5
946116   5
750208   5
779350   5
779241   5
865253   5
1260007   5
515685   5
1077603   5
316084   5
1039025   5
976746   5
598387   5
822480   5
851024   5
888954   5
791107   5
762568   5
779069   5
517335   5
849840   5
1078839   5
1096647   5
1026625   5
819808   5
807669   5
751976   5
533085   5
1023630   5
1227319   5
790099   5
1222766   5
1004157   5
481481   5
871479   5
865327   5
718399   5
791719   5
1496850   5
1265093   5
1265332   5
1227505   5
1054943   5
976694   5
1002086   5
1400638   5
333102   5
876471   5
976656   5
1198016   5
1108039   5
1493949   5
1165343   5
902529   5
1226377   5
524616   5
904375   5
976400   5
835161   5
523682   5
723293   5
831669   5
2101725   5
803673   5
538849   5
1038128   5
1247449   5
988523   5
1077557   5
1005961   5
313461   5
778625   5
534886   5
333137   5
331395   5
833435   5
524255   5
1023848   5
537595   5
524294   5
1004969   5
749437   5
517502   5
1178743   5
1038868   5
1246201   5
1230278   5
1350205   5
539519   5
570539   5
314781   5
947448   5
761633   5
833808   5
465093   5
317192   5
779658   5
524976   5
570573   5
1077402   5
637208   5
480219   5
1211293   5
737699   5
1764194   5
516378   5
1005607   5
639797   5
1448539   5
1003448   5
1038390   5
1038309   5
1148762   5
792964   5
1243393   5
681707   5
621690   5
1193529   5
438517   5
374550   5
524751   5
524664   5
791413   5
1225036   5
864827   5
834219   5
478732   5
576761   5
751784   5
1003440   5
407016   5
514823   5
525061   5
517492   5
818383   5
1149163   5
807700   5
1227625   5
791008   5
672060   5
1764215   5
865421   5
535906   5
1178842   5
752516   5
1125878   5
976520   5
948575   5
891170   5
791572   5
791523   5
597143   5
1382454   5
515824   5
574536   5
517579   5
1278854   5
1430286   5
480575   5
720639   5
721157   5
779461   5
791014   5
1383240   5
1135437   5
976705   5
353542   5
989178   5
1005852   5
598292   5
720150   5
762385   5
833286   5
734272   5
1003466   5
1262156   5
385483   5
988962   5
1004699   5
477180   5
406824   5
1261456   5
2101209   5
523706   5
1262774   5
1004727   5
515462   5
517657   5
1495778   5
932717   5
427571   5
1227569   5
535262   5
1107961   5
822692   5
1384125   5
819737   5
538454   5
921930   5
621431   5
517785   5
670834   5
522894   5
332935   5
1433926   5
1092267   5
1226206   5
1276836   5
333486   5
1038429   5
1038464   5
720400   5
960715   5
517230   5
2102077   5
407176   5
1040265   5
1134310   5
678733   5
387263   5
640096   5
1066291   5
351007   5
620311   5
523435   5
934641   5
524798   5
518951   5
1281416   5
1162974   5
961409   5
386989   5
804732   5
538325   5
933489   5
804680   5
1380996   5
894451   5
988745   5
1001803   5
962853   5
1162895   5
660623   5
1511542   5
373295   5
765355   5
792616   5
821937   5
1005058   5
1150462   5
775189   5
721395   5
1228159   5
1077738   5
1247525   5
334464   5
976734   5
1281405   5
805401   5
1278317   5
536591   5
1005031   5
442332   5
1138971   5
764395   5
481867   5
747208   5
459075   5
890802   5
1068845   5
1263413   5
540395   5
1162935   5
821962   5
819839   5
1229575   5
804191   5
976640   5
935316   5
989694   5
1003885   5
1095167   5
804247   5
540229   5
779706   5
1077423   5
779385   5
1401003   5
464393   5
1383182   5
1003235   5
407165   5
1262548   5
330537   5
334527   5
1447730   5
718194   5
1001433   5
1382224   5
793195   5
407267   5
642972   5
894470   5
680058   5
524656   5
822540   5
517752   5
750284   5
818508   5
833510   5
805390   5
1003203   5
775473   5
1003858   5
681433   5
560085   5
871598   5
1265881   5
1383781   5
533117   5
1432976   5
1247907   5
334876   5
637810   5
523567   5
483714   5
1264659   5
775165   5
559816   5
560066   5
1020807   5
804519   5
1037547   5
353040   5
976876   5
779928   5
818620   5
550614   5
1005619   5
391084   5
534215   5
1383759   5
749718   5
819851   5
1265525   5
835496   5
335256   5
992391   5
805946   5
1211588   5
468297   5
522927   5
514888   5
1382235   5
1383669   5
748615   5
538077   5
541226   5
597026   5
834976   5
518970   5
1210206   5
577135   5
1227270   5
902646   5
775550   5
1005834   5
850980   5
1066907   5
517721   5
539693   5
537797   5
1038423   5
692582   5
1210076   5
1350040   5
522945   5
1332649   5
1379732   5
518706   5
1023593   5
961142   5
793158   5
1364394   5
524644   5
537509   5
809168   5
671688   5
1246432   5
804492   5
368485   5
1228231   5
875975   5
865336   5
329551   5
989281   5
332866   5
1193957   5
1222787   5
404586   5
539108   5
1429357   5
1006182   5
1005694   5
865047   5
524812   5
792673   5
334677   5
524978   5
696374   5
818229   5
961023   5
822414   5
617197   5
482719   5
519291   5
373019   5
516049   5
515505   5
847035   5
1005830   5
821075   5
539087   5
635510   5
775073   5
976602   5
775470   5
1226574   5
821786   5
2102253   5
1195723   5
735790   5
1211308   5
374897   5
525184   5
976450   5
349446   5
790431   5
822889   5
780075   5
790926   5
1265317   5
560871   5
959727   5
1400576   5
793122   5
793029   5
959937   5
822463   5
778391   5
1123011   5
803785   5
750674   5
976684   5
976455   5
519583   5
1125013   5
790148   5
818542   5
907047   5
621671   5
313842   5
1077745   5
652935   5
933897   5
960600   5
1278245   5
1446244   5
1223549   5
819907   5
515317   5
439481   5
1384195   5
976758   5
1195838   5
534015   5
477770   5
821992   5
426150   5
599134   5
350912   5
1108013   5
524141   5
643707   5
1006507   5
734946   5
1024791   5
933012   5
331424   5
681768   5
791607   5
819970   5
515611   5
819930   5
1429022   5
1021054   5
1430006   5
719429   5
1261819   5
719964   5
793177   5
514051   5
523155   5
676912   5
1153785   5
779345   5
822906   5
539324   5
748869   5
1065480   5
1400935   5
642427   5
539536   5
516749   5
803724   5
1227154   5
805980   5
988520   5
1177953   5
1400777   5
749367   5
778633   5
517425   5
354281   5
976844   5
1497580   5
560009   5
517318   5
791776   5
1020877   5
808029   5
1107479   5
476216   5
402319   5
791266   5
329775   5
1195037   5
1247224   5
990556   5
793166   5
317222   5
934460   5
597530   5
695452   5
1224454   5
350787   5
524842   5
793006   5
517242   5
976667   5
945667   5
1247515   5
1149790   5
1038208   5
335544   5
1230178   5
804310   5
1004301   5
336183   5
406138   5
1005769   5
1210371   5
540283   5
819831   5
536606   5
538114   5
1247968   5
351305   5
907725   5
678913   5
720387   5
692690   5
778696   5
976902   5
532659   5
331144   5
1383772   5
789847   5
479777   5
483006   5
934097   5
922327   5
583769   5
1225990   5
935589   5
805835   5
748463   5
1038856   5
820899   5
1383835   5
617437   5
1383601   5
834512   5
1004045   5
791067   5
540816   5
791985   5
1350086   5
401641   5
1227534   5
805408   5
1263525   5
521952   5
1227431   5
860231   5
1226703   5
921690   5
960465   5
976885   5
1148547   5
1148828   5
441164   5
1123015   5
1040323   5
1746193   5
516928   5
520373   5
752234   5
805218   5
517456   5
402354   5
1447896   5
803834   5
921488   5
935203   5
988794   5
514929   5
791432   5
1279508   5
354859   5
336703   5
905765   5
333483   5
331435   5
1162959   5
442436   5
520508   5
1092146   5
334835   5
1093058   5
836511   5
1107454   5
536565   5
873943   5
1230752   5
571334   5
619279   5
517620   5
479711   5
518875   5
1378509   5
637059   5
575285   5
792597   5
1382673   5
1003218   5
988801   5
851648   5
1004955   5
721466   5
1230868   5
1005886   5
1005022   5
865362   5
521233   5
1077610   5
1005078   5
636923   5
349266   5
820086   5
423026   5
403654   5
335781   5
988556   5
818271   5
1004953   5
518931   5
791784   5
822819   5
406863   5
1109498   5
1003405   5
1224917   5
520098   5
1230698   5
520277   5
792563   5
849182   5
734149   5
1380433   5
1384169   5
792998   5
921656   5
516758   5
478373   5
1282320   5
560781   5
514016   5
1210084   5
517797   5
934450   5
1002471   5
1331769   5
749994   5
1077617   5
1005904   5
333818   5
1382651   5
1039234   5
517328   5
1005045   5
1037771   5
961400   5
1382015   5
1382780   5
933700   5
536287   5
1005132   5
779373   5
520244   5
541231   5
819872   5
1345955   5
2101337   5
1005664   5
1495812   5
976648   5
1345616   5
1224502   5
1003901   5
1107584   5
634855   5
1109733   5
523934   5
1109863   5
1195881   5
534227   5
960128   5
403578   5
1003332   5
401306   5
733533   5
1003044   5
960741   5
1038880   5
1107751   5
517450   5
1150897   5
517728   5
1224697   5
1003049   5
779672   5
621720   5
677460   5
765039   5
1040517   5
1004638   5
894582   5
961617   5
367954   5
374298   5
1038883   5
775234   5
1037884   5
517448   5
476970   5
438799   5
1082018   5
519562   5
480924   5
1383330   5
1177991   5
1021151   5
515590   5
1064754   5
1037975   5
336021   5
524748   5
536534   5
636172   5
821944   5
522029   5
933769   5
778529   5
846947   5
368542   5
334553   5
520708   5
976934   5
313534   5
1193633   5
791160   5
639263   5
1193218   5
517338   5
976704   5
598801   5
523460   5
807512   5
960066   5
1247849   5
803854   5
335436   5
1002370   5
374302   5
871154   5
516984   5
1004862   5
864447   5
1125106   5
1123007   5
334713   5
834225   5
1107745   5
870856   5
871122   5
1038304   5
516714   5
619958   5
480732   5
976760   5
1279123   5
519076   5
1223764   5
524848   5
1314895   5
820441   5
976981   5
519404   5
532703   5
865378   5
523990   5
657946   5
1149675   5
640195   5
1038979   5
747976   5
907309   5
622920   5
522799   5
519986   5
871045   5
778733   5
1366423   5
960718   5
722797   5
1227792   5
1109616   5
792867   5
960604   5
779918   5
1077563   5
535258   5
637072   5
400720   5
520324   5
976436   5
1077551   5
1039348   5
1091798   5
1430524   5
535320   5
1038815   5
482245   5
846790   5
1038959   5
718087   5
806802   5
620068   5
791944   5
792615   5
1040404   5
961033   5
406190   5
446084   5
484191   5
791849   5
464134   5
778680   5
642511   5
1105806   5
1077547   5
846785   5
520173   5
367026   5
520714   5
865299   5
1092501   5
792996   5
961868   5
922316   5
335452   5
535044   5
476127   5
1004819   5
1037920   5
871232   5
353114   5
1038449   5
873940   5
891364   5
1382381   5
831850   5
519912   5
1209286   5
818194   5
1077648   5
1197070   5
831668   5
515470   5
1222968   5
407708   5
1383143   5
520908   5
860266   5
1210238   5
821851   5
1077867   5
1039990   5
775144   5
987445   5
534184   5
846033   5
1110364   5
818894   5
1107685   5
1038558   5
335924   5
791896   5
872058   5
521021   5
519991   5
747923   5
1005758   5
791872   5
791758   5
808846   5
521641   5
1107314   5
1383596   5
1149003   5
1125615   5
1162830   5
960117   5
517500   5
1038842   5
520150   5
518856   5
779429   5
1448001   5
1077480   5
976890   5
792988   5
513915   5
334467   5
1004845   5
779426   5
792656   5
514319   5
834953   5
723318   5
793529   5
1005806   5
1222578   5
793020   5
334682   5
1005084   5
387840   5
792914   5
1279000   5
519438   5
532880   5
1227976   5
1227544   5
535777   5
1077532   5
1038704   5
760857   5
792016   5
515500   5
517641   5
1038690   5
538218   5
1005404   5
1125099   5
367377   5
518767   5
1227989   5
517326   5
640532   5
403623   5
1004099   5
1004868   5
1038789   5
2102165   5
635526   5
860168   5
1005668   5
541305   5
774935   5
1227243   5
1005479   5
535310   5
536637   5
793134   5
560555   5
1005811   5
517589   5
368571   5
1002453   5
1350327   5
515483   5
518895   5
1227468   5
533794   5
870828   5
1247611   5
533847   5
518880   5
865330   5
560499   5
520056   5
535538   5
1107846   5
516843   5
821017   5
822470   5
518977   5
524932   5
1040166   5
1039155   5
832825   5
847201   5
1449999   5
1038996   5
1382644   5
1094784   5
1077687   5
515735   5
521882   5
1077503   5
791106   5
1224764   5
1383858   5
536523   5
836398   5
720411   5
1038945   5
2101335   5
790029   5
1023725   5
865300   5
337692   5
518860   5
847196   5
519375   5
1248365   5
935514   5
1005812   5
1382413   5
960487   5
1224217   5
517625   5
791140   5
803875   5
1004859   5
518916   5
516646   5
520300   5
518971   5
820170   5
1224259   5
793009   5
1005861   5
334181   5
871047   5
1005791   5
517467   5
518785   5
1005991   5
1248131   5
1244161   5
1005928   5
775226   5
1005857   5
1195446   5
870855   5
818486   5
475063   5
720866   5
1122937   5
1040259   5
1222665   5
519512   5
536543   5
533604   5
536663   5
535257   5
387455   5
482571   5
404103   5
961070   5
517772   5
636517   5
1108042   5
775403   5
1077477   5
791901   5
1107386   5
1005832   5
517705   5
1227434   5
521046   5
524703   5
479775   5
1195917   5
1005838   5
518979   5
1077666   5
535634   5
518812   5
1077761   5
437239   5
520117   5
847445   5
521117   5
846329   5
518990   5
1005579   5
524846   5
1077645   5
521019   5
1227633   5
1227378   5
518896   5
845994   5
1005901   5
518969   5
847339   5
518754   5
846613   5
849466   5
1003047   5
846894   5
520197   5
1077517   5
846452   5
820236   5
1005990   5
849492   5
846924   5
1005717   5
849489   5
1005953   5
1005968   5
818743   5
849038   5
846353   5
846160   5
846978   5
