 847936   1
820434   1
849385   1
846412   1
1005837   1
849512   1
849103   1
848613   1
847332   1
820216   1
1077628   1
478041   1
849450   1
846570   1
619095   1
482206   1
1224496   1
536616   1
1040154   1
406747   1
518988   1
517763   1
1382197   1
1077458   1
1005899   1
848434   1
389987   1
620243   1
403071   1
845892   1
1005802   1
536592   1
518913   1
1228117   1
963216   1
1077424   1
1040230   1
1226115   1
1005652   1
478158   1
402270   1
1005651   1
618692   1
960606   1
535030   1
848385   1
1396864   1
849401   1
846290   1
1077734   1
620100   1
851504   1
1040661   1
820282   1
775309   1
846667   1
463982   1
849416   1
619519   1
934543   1
518737   1
426173   1
407582   1
1005996   1
1223761   1
1332871   1
472801   1
620274   1
1247764   1
1077712   1
620773   1
818939   1
560899   1
1224700   1
1005395   1
522398   1
1005744   1
1077767   1
560431   1
533961   1
1383390   1
1400848   1
1040887   1
596534   1
1077399   1
619105   1
1107551   1
903245   1
1005846   1
818673   1
848695   1
963217   1
1005145   1
846842   1
1227794   1
622732   1
520353   1
821108   1
330805   1
1005972   1
848961   1
533799   1
1005792   1
533584   1
620208   1
335555   1
440614   1
1224492   1
637211   1
2102050   1
1003018   1
1261370   1
848256   1
1077529   1
669703   1
621026   1
642577   1
618619   1
1227730   1
389562   1
620175   1
1077501   1
1227432   1
1005809   1
846453   1
521479   1
335946   1
619974   1
1227749   1
479543   1
517556   1
1005850   1
619832   1
1383744   1
335551   1
317871   1
536520   1
1154002   1
1020649   1
1195602   1
734101   1
521720   1
1195358   1
1053953   1
1223739   1
849432   1
515926   1
400635   1
636618   1
518672   1
1227418   1
819734   1
368442   1
524845   1
597157   1
834600   1
619255   1
596247   1
1264951   1
1210259   1
775197   1
1263770   1
521100   1
534231   1
836445   1
516594   1
550760   1
749109   1
1040596   1
1005464   1
1005736   1
334351   1
521016   1
619042   1
597257   1
401932   1
303581   1
598561   1
535209   1
790062   1
792846   1
1346255   1
643902   1
596455   1
536577   1
519529   1
1193680   1
478131   1
963308   1
1002830   1
1005649   1
961535   1
1263096   1
1038921   1
459497   1
317686   1
519801   1
539055   1
636698   1
598176   1
618560   1
619634   1
1005751   1
316763   1
976791   1
518682   1
1227964   1
1092018   1
734278   1
390464   1
519074   1
680584   1
597280   1
1228288   1
618975   1
1382758   1
1450134   1
597616   1
640460   1
576062   1
1040536   1
459718   1
1227828   1
597372   1
961494   1
1193443   1
960079   1
367133   1
560891   1
836482   1
519711   1
619004   1
819789   1
560901   1
2101997   1
963321   1
1243994   1
976483   1
775393   1
597004   1
1228225   1
533937   1
806093   1
536197   1
2102061   1
478105   1
573898   1
933757   1
821048   1
1263461   1
1327790   1
334925   1
519231   1
391237   1
636657   1
560372   1
1040522   1
1148463   1
318539   1
637017   1
989776   1
1126020   1
1227446   1
638093   1
722393   1
639586   1
639085   1
1383865   1
832342   1
1197111   1
1005939   1
533494   1
407600   1
335768   1
515860   1
533922   1
963385   1
479402   1
403755   1
1430219   1
560537   1
480917   1
992105   1
619200   1
576361   1
1068714   1
1246587   1
330427   1
619289   1
597808   1
1002364   1
935643   1
777568   1
1227239   1
560115   1
619197   1
1430217   1
720629   1
400526   1
390134   1
621007   1
1005451   1
1449767   1
515361   1
1040115   1
518923   1
536415   1
516294   1
407703   1
961975   1
871947   1
550855   1
1400986   1
368514   1
518750   1
876010   1
535025   1
1247516   1
1005637   1
400713   1
636532   1
749402   1
619683   1
805986   1
619261   1
493658   1
1382782   1
1106865   1
748712   1
1005419   1
400759   1
638906   1
1177854   1
519535   1
560490   1
636941   1
1077565   1
1162727   1
1449868   1
368082   1
619381   1
1329349   1
723184   1
520876   1
1003019   1
475840   1
934291   1
637257   1
303438   1
478026   1
619759   1
636648   1
524391   1
1228244   1
1097514   1
1227787   1
722822   1
619562   1
331512   1
822939   1
572018   1
536374   1
367362   1
991488   1
574757   1
1429924   1
1331956   1
367924   1
875296   1
1004409   1
523876   1
733513   1
1077443   1
1381903   1
2101885   1
519108   1
618954   1
1181707   1
1227995   1
643603   1
945526   1
1227517   1
1077673   1
1448206   1
514004   1
477909   1
976916   1
1107676   1
389909   1
1149877   1
831751   1
524982   1
792960   1
835372   1
639683   1
848654   1
1382621   1
775411   1
775114   1
1139544   1
1383594   1
390147   1
1477073   1
635530   1
519411   1
389563   1
1003470   1
1243966   1
536175   1
1430527   1
749784   1
524668   1
389745   1
400531   1
517569   1
1077714   1
372899   1
637214   1
560505   1
637302   1
832503   1
721577   1
1065847   1
1244088   1
1038875   1
517428   1
822416   1
517757   1
821881   1
850016   1
1097079   1
1749980   1
1746311   1
317328   1
388693   1
1077579   1
539525   1
637338   1
806117   1
318867   1
479638   1
368032   1
1162896   1
819722   1
775297   1
1350332   1
337797   1
1001007   1
1248271   1
522876   1
934555   1
749894   1
407674   1
934130   1
481362   1
391129   1
597159   1
517525   1
653582   1
519969   1
634781   1
921551   1
638899   1
426010   1
334132   1
1179412   1
1224619   1
402298   1
903231   1
516569   1
1196445   1
875051   1
642271   1
819760   1
533745   1
989093   1
1248231   1
640718   1
333908   1
1195703   1
402621   1
1078999   1
618662   1
635981   1
680284   1
1052904   1
350186   1
1066710   1
521132   1
976930   1
1066981   1
316867   1
598099   1
1278569   1
1226790   1
749875   1
596813   1
1366111   1
775204   1
1001364   1
519175   1
1247634   1
1065669   1
619118   1
619810   1
1228169   1
1382096   1
620800   1
849139   1
540946   1
517227   1
1211398   1
518690   1
1364755   1
533816   1
778476   1
831995   1
1434829   1
367559   1
639793   1
806143   1
520082   1
335808   1
642342   1
570994   1
1246535   1
1261528   1
1196021   1
639261   1
391220   1
639604   1
598072   1
1077766   1
1005718   1
889863   1
1228220   1
1228050   1
582093   1
845866   1
987791   1
1004858   1
516004   1
822625   1
681236   1
1001925   1
959695   1
1195684   1
846976   1
1382655   1
1260230   1
903163   1
1167437   1
478667   1
1400985   1
1005606   1
334712   1
636225   1
1449566   1
520355   1
521097   1
1065951   1
1346577   1
1067050   1
865426   1
493212   1
959860   1
1040515   1
596643   1
721433   1
1248601   1
1227481   1
775401   1
1246258   1
961991   1
1225772   1
1005405   1
934800   1
822627   1
636331   1
1002490   1
636695   1
1005368   1
876696   1
1077599   1
820001   1
619970   1
618120   1
891359   1
805066   1
524351   1
560479   1
313884   1
865364   1
533243   1
935181   1
902894   1
1040023   1
1096258   1
1265347   1
514947   1
1367299   1
722458   1
475646   1
1125035   1
1037652   1
1382084   1
1002759   1
406897   1
519243   1
961363   1
1229766   1
793039   1
775068   1
1278753   1
367322   1
336457   1
572121   1
805119   1
1362268   1
805411   1
961256   1
332940   1
1749974   1
463860   1
1245774   1
1053922   1
355508   1
793035   1
1449791   1
1005470   1
597892   1
636454   1
441768   1
560170   1
1345422   1
961560   1
1020580   1
932829   1
1382670   1
1004943   1
367694   1
836124   1
618824   1
1038854   1
734205   1
907260   1
1225559   1
933899   1
819928   1
874189   1
819854   1
391119   1
777834   1
1382420   1
1382145   1
1149138   1
350397   1
1227211   1
1248193   1
1077502   1
403935   1
1107850   1
791900   1
1095873   1
1278954   1
1067825   1
963335   1
976978   1
775164   1
388641   1
748656   1
960585   1
775390   1
1079266   1
1224743   1
422226   1
483466   1
790151   1
437213   1
1038416   1
1095313   1
976879   1
1040119   1
406434   1
523585   1
1244946   1
721959   1
762309   1
1004124   1
1399564   1
598851   1
749711   1
597375   1
934267   1
597657   1
519576   1
520009   1
481146   1
538958   1
540358   1
903982   1
734015   1
638302   1
1228110   1
1195947   1
387991   1
907486   1
1077759   1
750652   1
1038700   1
1077718   1
1097545   1
373748   1
1148775   1
1002544   1
721744   1
849400   1
933689   1
1430484   1
438574   1
1209104   1
1077744   1
335896   1
962963   1
901991   1
406506   1
821676   1
822760   1
636543   1
775186   1
790054   1
1077587   1
522368   1
1066557   1
524610   1
1226752   1
525114   1
819742   1
521648   1
1066582   1
1263107   1
2102153   1
775316   1
1004139   1
598060   1
751668   1
1226954   1
642394   1
681783   1
459572   1
1038683   1
573770   1
524967   1
639935   1
331646   1
822420   1
1225317   1
2101142   1
760844   1
597674   1
990960   1
524437   1
961229   1
1230309   1
1150770   1
821865   1
1430393   1
518681   1
479438   1
990152   1
1227720   1
1198186   1
749272   1
402966   1
865156   1
992771   1
719193   1
329406   1
1005141   1
425706   1
438541   1
1050526   1
536154   1
865166   1
875880   1
1383726   1
1746347   1
622383   1
775275   1
1278248   1
437777   1
1478461   1
367239   1
1227570   1
518934   1
1346997   1
482898   1
1263009   1
1247178   1
1230140   1
400326   1
1228153   1
944489   1
775139   1
1006092   1
514931   1
933114   1
1383720   1
524901   1
1065627   1
860885   1
822750   1
1038386   1
694087   1
679213   1
820638   1
1096104   1
617281   1
1434621   1
444903   1
540655   1
540886   1
807515   1
1005884   1
775475   1
775278   1
479447   1
1066282   1
316884   1
765536   1
1004840   1
1096942   1
1246296   1
659710   1
444429   1
944340   1
400842   1
722366   1
905189   1
524853   1
777346   1
315447   1
1278584   1
559861   1
1136124   1
779196   1
1350209   1
367244   1
368882   1
1040192   1
1246431   1
1279344   1
1230835   1
1222894   1
906997   1
1067728   1
350927   1
1226653   1
835341   1
516471   1
1107774   1
1193536   1
1246415   1
1095148   1
421002   1
1227444   1
793153   1
532722   1
696896   1
368545   1
1096744   1
1380966   1
524292   1
1097475   1
1093696   1
876033   1
1006018   1
535051   1
640127   1
1227795   1
1224369   1
720298   1
349430   1
959862   1
805451   1
791019   1
1053472   1
681810   1
1066898   1
332941   1
963362   1
1247019   1
1497623   1
514683   1
517793   1
1066455   1
400761   1
475474   1
1077765   1
1096032   1
581712   1
1004816   1
579705   1
1248160   1
894235   1
354825   1
902269   1
1329135   1
318938   1
335828   1
1448192   1
1195776   1
330367   1
482602   1
618613   1
477230   1
934892   1
515153   1
946187   1
1223132   1
621633   1
1400955   1
933772   1
642414   1
806044   1
1079076   1
2102122   1
1278119   1
1493787   1
748113   1
481507   1
464229   1
1277623   1
693569   1
678770   1
1328304   1
439503   1
1211659   1
680492   1
368199   1
1227326   1
1230665   1
1005138   1
523150   1
718025   1
1195084   1
560394   1
733368   1
894295   1
1245764   1
635649   1
535754   1
1210036   1
1332959   1
681381   1
1005855   1
540785   1
991477   1
961390   1
533272   1
716546   1
1349888   1
1065954   1
680911   1
353553   1
334490   1
934158   1
1379900   1
438201   1
1002526   1
400087   1
1244627   1
1002571   1
1245329   1
640707   1
1230537   1
479328   1
831943   1
680298   1
719297   1
438604   1
1477668   1
1004629   1
1383322   1
400795   1
484206   1
873807   1
439453   1
642769   1
789992   1
1247170   1
622242   1
1350054   1
482886   1
1227296   1
334798   1
595882   1
777624   1
934278   1
536913   1
1002463   1
524020   1
716972   1
426172   1
335816   1
864432   1
1745968   1
405828   1
402303   1
894338   1
750428   1
693650   1
653231   1
459622   1
749090   1
1138711   1
904867   1
1397046   1
875572   1
331802   1
515971   1
659653   1
1193180   1
988708   1
536961   1
1025411   1
1092877   1
807433   1
894283   1
850217   1
1746656   1
1077485   1
906868   1
681313   1
481915   1
444344   1
1005382   1
738199   1
1066103   1
774901   1
318497   1
804738   1
621233   1
334371   1
775299   1
425827   1
1277850   1
1107754   1
574851   1
822510   1
1148836   1
904649   1
1365095   1
719210   1
1196439   1
1065920   1
442475   1
573953   1
535336   1
1002230   1
514537   1
483576   1
408629   1
1106802   1
894284   1
831791   1
1040610   1
851390   1
992145   1
354767   1
679492   1
596348   1
1053650   1
1247540   1
418952   1
933929   1
1198187   1
537284   1
1365762   1
1148891   1
1226968   1
720901   1
1225852   1
1209994   1
888471   1
1228119   1
456249   1
479619   1
820071   1
573796   1
989282   1
1277614   1
1346479   1
1020592   1
1276777   1
1068011   1
1002413   1
1077977   1
1005407   1
1746011   1
541140   1
1148727   1
933868   1
479066   1
538115   1
723564   1
761713   1
336325   1
1040670   1
1277755   1
642826   1
517447   1
1225955   1
370997   1
520436   1
1038042   1
1762441   1
1002668   1
822624   1
315913   1
847231   1
637112   1
1400079   1
1079242   1
2101183   1
822940   1
765285   1
833698   1
1195699   1
908717   1
635274   1
1148819   1
444918   1
368799   1
538941   1
1005097   1
723279   1
619240   1
406272   1
851609   1
423549   1
1227337   1
819796   1
2101536   1
1066097   1
537195   1
1746549   1
524613   1
636674   1
1265907   1
317873   1
722563   1
894167   1
464493   1
407079   1
1477859   1
764568   1
903107   1
522902   1
1150811   1
317778   1
401189   1
534981   1
1001588   1
476501   1
762124   1
1398047   1
747188   1
751182   1
619906   1
424580   1
515810   1
524474   1
464060   1
1096831   1
747966   1
904061   1
1382311   1
532924   1
599101   1
1396579   1
1040853   1
407944   1
865394   1
335886   1
1210040   2
1383632   2
894176   2
893834   2
524759   2
596447   2
479296   2
949054   2
891219   2
1448784   2
1383357   2
1245566   2
597881   2
871756   2
870901   2
1166764   2
638739   2
524168   2
635021   2
1364770   2
386767   2
1005671   2
1004386   2
1068701   2
406363   2
472722   2
875738   2
367240   2
642989   2
1193242   2
934222   2
907469   2
2102238   2
353866   2
2101189   2
524182   2
748989   2
1053504   2
391791   2
402843   2
805834   2
907608   2
719360   2
1196773   2
484148   2
1004646   2
426021   2
315765   2
734652   2
523025   2
818391   2
671364   2
1138112   2
1037661   2
515812   2
1230769   2
355892   2
642494   2
407410   2
1210045   2
847819   2
944538   2
560375   2
1277168   2
1092891   2
871109   2
596973   2
1004406   2
2101175   2
349842   2
1379052   2
959820   2
660806   2
1227653   2
652549   2
1162253   2
805918   2
443457   2
1149109   2
1230717   2
352598   2
1037686   2
371145   2
671056   2
619147   2
402616   2
1434779   2
458513   2
1107733   2
482835   2
988726   2
1079027   2
1040045   2
520354   2
1092727   2
524262   2
400449   2
444735   2
437224   2
960202   2
748459   2
442473   2
515835   2
775077   2
1262374   2
619232   2
1198042   2
764182   2
1096631   2
355216   2
406903   2
2102081   2
960722   2
850046   2
865468   2
457832   2
865193   2
1195760   2
1225550   2
908733   2
387162   2
479304   2
1079007   2
335797   2
541156   2
540650   2
518813   2
482694   2
540847   2
1026548   2
635256   2
539512   2
678649   2
851319   2
831797   2
642603   2
764362   2
804535   2
961788   2
1166694   2
335077   2
1165522   2
1138703   2
375202   2
1005079   2
1247240   2
719901   2
1193468   2
793858   2
524992   2
1277368   2
368273   2
621513   2
1109888   2
1001085   2
317643   2
560244   2
718658   2
316704   2
516268   2
639062   2
523810   2
643612   2
476343   2
570602   2
442312   2
536007   2
1277900   2
902719   2
524741   2
1510870   2
426212   2
538143   2
480181   2
621328   2
1139646   2
440961   2
893027   2
2698933   2
1025625   2
822833   2
821342   2
1511262   2
1065901   2
669809   2
849799   2
639130   2
1448077   2
1006385   2
2101969   2
1001742   2
636179   2
335139   2
634704   2
1165109   2
1038292   2
368778   2
1195767   2
865140   2
492430   2
692419   2
514044   2
656654   2
401579   2
1365088   2
533220   2
1195967   2
1248283   2
865352   2
752181   2
1053444   2
719484   2
634130   2
335258   2
597562   2
477633   2
1020772   2
822435   2
696920   2
849197   2
403386   2
466059   2
519143   2
1148798   2
444481   2
1478174   2
721853   2
659899   2
680973   2
481510   2
1005136   2
803870   2
806440   2
303612   2
697405   2
793107   2
1448951   2
401570   2
1230154   2
576372   2
959909   2
387474   2
777802   2
1177751   2
865628   2
1195906   2
822461   2
1020887   2
681616   2
1052005   2
541164   2
1263454   2
1382293   2
617627   2
1106464   2
403139   2
1446589   2
1149054   2
890786   2
1180009   2
1350386   2
535912   2
634892   2
335228   2
1005829   2
764190   2
1264487   2
619161   2
330413   2
961990   2
641462   2
330877   2
902598   2
1051908   2
652651   2
387565   2
934263   2
335736   2
621780   2
443884   2
1447284   2
790886   2
1449810   2
934415   2
1178129   2
1004145   2
780107   2
934277   2
407117   2
599113   2
720855   2
775737   2
907016   2
653181   2
1134494   2
1195754   2
483591   2
992579   2
976418   2
368453   2
805369   2
1001809   2
775554   2
961035   2
904885   2
747430   2
1197363   2
1066145   2
337123   2
477228   2
514386   2
904961   2
2102017   2
576535   2
636838   2
403206   2
439287   2
1051132   2
1225160   2
1023948   2
871971   2
1004942   2
1227445   2
779077   2
1038975   2
750847   2
988950   2
373510   2
1327679   2
1002528   2
583809   2
515404   2
1281519   2
1510989   2
597293   2
617313   2
1001733   2
834517   2
478924   2
1053206   2
833844   2
1197437   2
455371   2
790782   2
1136125   2
1446455   2
819842   2
905777   2
1002621   2
634524   2
635240   2
822932   2
2101947   2
760858   2
1002310   2
833843   2
538413   2
641964   2
1162963   2
643280   2
934673   2
894532   2
790929   2
680273   2
680881   2
539581   2
349238   2
719226   2
822588   2
539103   2
642720   2
635845   2
658949   2
1077682   2
523308   2
821367   2
457055   2
1065366   2
1195576   2
1092868   2
1021865   2
524176   2
1178073   2
1479844   2
1433922   2
616653   2
1280539   2
437601   2
1136183   2
774877   2
387012   2
1746318   2
851859   2
906002   2
640069   2
693488   2
400170   2
722478   2
642831   2
406782   2
1038333   2
559860   2
1136409   2
515861   2
1064416   2
318755   2
596365   2
904858   2
445033   2
479327   2
1225014   2
368355   2
652553   2
374607   2
717839   2
652771   2
1617289   2
539300   2
619998   2
721721   2
693741   2
1764729   2
443380   2
718431   2
622046   2
803839   2
804950   2
539664   2
420493   2
1066958   2
692245   2
635856   2
575467   2
1153720   2
803614   2
533306   2
402278   2
560873   2
575698   2
560068   2
1110786   2
987696   2
533276   2
314112   2
790543   2
636362   2
1448004   2
637291   2
764638   2
636368   2
821858   2
596683   2
1749860   2
426185   2
1004204   2
699526   2
330181   2
1021095   2
908792   2
777493   2
1478377   2
445155   2
1004453   2
575105   2
1038424   2
539573   2
822581   2
821689   2
1020934   2
374295   2
1383757   2
1263202   2
368000   2
819985   2
514205   2
634705   2
477819   2
1038303   2
1745956   2
1153834   2
779292   2
1449477   2
2101942   2
1137887   2
539576   2
387764   2
775092   2
424673   2
1195301   2
1746109   2
734723   2
1040794   2
990806   2
1498035   2
1348708   2
331171   2
720976   2
1224339   2
1139077   2
1037797   2
1079170   2
640287   2
334680   2
1052344   2
1020846   2
1092779   2
1164241   2
1224990   2
1264673   2
368866   2
1279267   2
352864   2
1194992   2
893855   2
1066067   2
418564   2
821338   2
1383115   2
438522   2
1079133   2
748140   2
1479941   2
1040630   2
988878   2
407137   2
337041   2
596668   2
441969   2
717826   2
1262894   2
905435   2
949556   2
1001531   2
621105   2
805142   2
778857   2
642459   2
762123   2
425651   2
317892   2
819781   2
515679   2
427166   2
1050937   2
404508   2
1382604   2
437561   2
987831   2
720272   2
1111011   2
400025   2
1195323   2
749522   2
720655   2
540669   2
636947   2
1277193   2
644359   2
596543   2
387797   2
1166005   2
1038589   2
424563   2
635028   2
423276   2
1002249   2
385625   2
1065892   2
907020   2
1227394   2
1001011   2
822695   2
652704   2
723159   2
333411   2
1746306   2
1067041   2
894434   2
332372   2
572936   2
749013   2
464391   2
904935   2
540518   2
990214   2
1052414   2
442765   2
483597   2
699291   2
596799   2
368524   2
407987   2
560318   2
1025582   2
333683   2
573816   2
1166149   2
1066484   2
316465   2
1149792   2
350693   2
354487   2
733967   2
1382373   2
475434   2
948928   2
1263246   2
522929   2
1052987   2
791228   2
902011   2
616814   2
403657   2
865189   2
1225780   2
764151   2
749292   2
524645   2
581981   2
493652   2
1344724   2
1382469   2
577627   2
681657   2
422870   2
904905   2
1178611   2
620754   2
1494675   2
348161   2
679580   2
1148764   2
906998   2
1378891   2
619776   2
597310   2
1077589   2
368622   2
976736   2
652983   2
805994   2
517799   2
427483   2
659994   2
477865   2
653402   2
639235   2
560366   2
1745871   2
1448630   2
833537   2
560102   2
720983   2
850497   2
374698   2
721711   2
619632   2
976924   2
386559   2
539393   2
616702   2
353765   2
538804   2
1025032   2
1040237   2
576271   2
960757   2
718865   2
719337   2
515386   2
894340   2
1164502   2
1277574   2
1110716   2
948924   2
734674   2
560014   2
439758   2
723201   2
476999   2
1245331   2
1433871   2
658768   2
933942   2
1152659   2
719406   2
873858   2
524119   2
1210251   2
1224388   2
1004123   2
596604   2
571096   2
636607   2
1229916   2
318705   2
619639   2
597903   2
780114   2
1177743   2
1149658   2
1746460   2
560388   2
407181   2
1224295   2
1745849   2
832768   2
1040225   2
750018   2
534910   2
445179   2
751642   2
616791   2
598930   2
807658   2
818409   2
574274   2
426070   2
597591   2
622728   2
751186   2
639768   2
1002051   2
1064364   2
572197   2
1263105   2
560276   2
692993   2
1745580   2
1138306   2
764472   2
804608   2
1094143   2
349758   2
693151   2
681644   2
572016   2
1020564   2
355284   2
904472   2
865112   2
834857   2
832057   2
619696   2
426069   2
422998   2
1038773   2
437154   2
1367026   2
1193699   2
1065935   2
521856   2
1107920   2
738285   2
1004627   2
851279   2
524562   2
1024964   2
1399824   2
314450   2
635010   2
1178409   2
750453   2
906398   2
962724   2
437492   2
774808   2
1153393   2
445990   2
762993   2
388017   2
1037879   2
386074   2
573775   2
473018   2
1052206   2
478428   2
637444   2
597201   2
618480   2
866036   2
872087   2
538729   2
1096376   2
1383200   2
1617059   2
385567   2
408533   2
833810   2
466313   2
426992   2
537256   2
1230607   2
514849   2
1193610   2
1066450   2
1165261   2
652603   2
822478   2
834549   2
523266   2
747383   2
905493   2
642677   2
1276786   2
875386   2
819721   2
1193217   2
335127   2
1278113   2
805254   2
792889   2
1210640   2
334906   2
407050   2
990178   2
2749406   2
1245874   2
1054933   2
642847   2
680179   2
367410   2
2101205   2
539288   2
1395288   2
634474   2
515439   2
1006531   2
481058   2
1138054   2
777327   2
400429   2
575453   2
524721   2
1004063   2
1446079   2
1180304   2
518695   2
987518   2
865286   2
891490   2
819909   2
1224633   2
577841   2
390128   2
480473   2
538015   2
439318   2
671036   2
1139708   2
876180   2
1077575   2
538871   2
1140097   2
427414   2
1110919   2
1449443   2
722331   2
1227398   2
834133   2
765454   2
1223224   2
1149123   2
1138536   2
332870   2
385063   2
425315   2
1230583   2
1450222   2
521238   2
386516   2
643434   2
1137181   2
477480   2
1001567   2
303562   2
444761   2
374955   2
403411   2
976936   2
622693   2
622795   2
1138575   2
1749662   2
334225   2
1264626   2
518947   2
515294   2
1225170   2
597699   2
634925   2
1383576   2
1052047   2
643315   2
894403   2
905307   2
478715   2
775477   2
822421   2
1400397   2
636714   2
597022   2
761038   2
2101664   2
1195582   2
1040600   2
1244672   2
1265186   2
1021883   2
976989   2
1040190   2
520463   2
1002328   2
621115   2
1246510   2
402959   2
536794   2
374336   2
389904   2
1001475   2
437969   2
719105   2
374654   2
806373   2
1448906   2
521905   2
1068763   2
483649   2
1002266   2
539487   2
1498182   2
1277150   2
1004889   2
404395   2
987456   2
386218   2
441321   2
513983   2
387191   2
439211   2
1262045   2
902701   2
318342   2
439776   2
516571   2
523054   2
831907   2
373913   2
989384   2
662025   2
1198320   2
1382740   2
443889   2
1429125   2
481499   2
636129   2
618283   2
960834   2
518738   2
1149832   2
534970   2
775484   2
438706   2
367115   2
1040667   2
636512   2
893978   2
833900   2
1265514   2
539104   2
515663   2
559851   2
1053526   2
934860   2
315152   2
316441   2
1224378   2
850244   2
1383872   2
1038670   2
1053134   2
472743   2
620772   2
1002545   2
791967   2
1195244   2
1067990   2
1053688   2
1164050   2
1148478   2
639476   2
948907   2
354601   2
1138151   2
1261117   2
440520   2
790235   2
792931   2
538100   2
352852   2
903381   2
875568   2
652760   2
960951   2
752182   2
860247   2
722780   2
407667   2
316143   2
1746104   2
515915   2
976740   2
805145   2
903781   2
1051884   2
635676   2
580810   2
616980   2
521166   2
792598   2
443273   2
803639   2
1478343   2
1051213   2
865832   2
1245824   2
522345   2
318345   2
1248615   2
574161   2
1428887   2
765364   2
481224   2
560178   2
374665   2
617360   2
819912   2
1137054   2
746496   2
617564   2
1052385   2
1511041   2
1230550   2
617992   2
803610   2
1038636   2
1617488   2
374260   2
717846   2
577544   2
775280   2
1001674   2
1051856   2
804515   2
1223439   2
876575   2
463330   2
652832   2
1225763   2
620451   2
419942   2
643537   2
515825   2
776764   2
573802   2
634188   2
1136820   2
524077   2
670962   2
680110   2
575605   2
622878   2
1004267   2
559785   2
1227387   2
523831   2
1263968   2
458349   2
1038124   2
1037669   2
463006   2
318253   2
403789   2
1397218   2
425677   2
905916   2
1020808   2
722346   2
722309   2
573701   2
617634   2
438618   2
792857   2
835510   2
523814   2
576027   2
522843   2
619312   2
865863   2
775207   2
865239   2
524877   2
1225217   2
1053946   2
1122847   2
516197   2
1006886   2
721383   2
906524   2
1223103   2
476369   2
443932   2
907601   2
736871   2
333727   2
905127   2
777258   2
945258   2
524271   2
904995   2
1020618   2
894468   2
1002458   2
1382116   2
750226   2
807460   2
1477609   2
934492   2
976761   2
906880   2
1617201   2
875431   2
821411   2
977341   2
642958   2
1037577   2
582840   2
894374   2
482369   2
1397175   2
790042   2
315026   2
1164110   2
1137047   2
1022189   2
1382146   2
1053853   2
521860   2
620445   2
464457   2
352000   2
1037710   2
534178   2
332800   2
617574   2
1109309   2
1383316   2
934079   2
989179   2
1153047   2
316288   2
737488   2
779616   2
693498   2
445670   2
1163478   2
539047   2
1005818   2
643942   2
806343   2
1092653   2
334147   2
1750079   2
865302   2
515284   2
1038271   2
1148698   2
1262007   2
1165130   2
1345654   2
539926   2
793204   2
1137535   2
750590   2
820177   3
805740   3
560002   3
680424   3
520613   3
864276   3
634936   3
779075   3
1002501   3
875286   3
619079   3
1227324   3
1038823   3
1366675   3
541179   3
481356   3
1149786   3
514412   3
481581   3
1399580   3
515854   3
523372   3
456324   3
515027   3
538839   3
1162866   3
1003050   3
1162792   3
635150   3
860864   3
539417   3
1178215   3
523993   3
1227763   3
1382061   3
2102052   3
949540   3
403475   3
334816   3
1480142   3
1746327   3
642318   3
642409   3
438463   3
636662   3
1224368   3
352088   3
1345003   3
643719   3
642467   3
680723   3
638419   3
1006484   3
660724   3
1382141   3
692292   3
318219   3
539514   3
1278738   3
1260116   3
1125142   3
574704   3
421965   3
582679   3
791602   3
596879   3
634580   3
406734   3
803776   3
534195   3
680455   3
751279   3
524821   3
596630   3
778523   3
419144   3
1195316   3
1193544   3
934230   3
635736   3
533126   3
1004424   3
906318   3
522453   3
315069   3
1004924   3
634711   3
481675   3
1067314   3
871962   3
903241   3
723067   3
443239   3
866140   3
1052193   3
1148549   3
1383646   3
734904   3
1195854   3
1004375   3
777345   3
734587   3
935452   3
692779   3
367815   3
961342   3
1279179   3
1002065   3
1078904   3
409129   3
1446242   3
469080   3
634688   3
1001446   3
636395   3
597075   3
959668   3
368452   3
466693   3
619808   3
935197   3
961856   3
2102241   3
1264107   3
831638   3
621820   3
1332396   3
908563   3
1020812   3
483753   3
640317   3
865185   3
315857   3
1193520   3
1763135   3
894585   3
791095   3
1064358   3
1380212   3
1226854   3
1399799   3
314211   3
1194975   3
1195895   3
1276994   3
368496   3
314294   3
1510918   3
849522   3
1004828   3
480070   3
873970   3
423995   3
1211618   3
874274   3
1096615   3
944891   3
822514   3
514069   3
540786   3
659565   3
576344   3
524952   3
571396   3
523120   3
890589   3
751618   3
636958   3
317921   3
934838   3
944532   3
522059   3
791973   3
805493   3
1228293   3
598138   3
522798   3
722356   3
1002862   3
523099   3
777636   3
1446080   3
514817   3
538208   3
1193487   3
386489   3
989977   3
330782   3
680470   3
352882   3
1125977   3
636910   3
634095   3
779705   3
516394   3
1348773   3
355218   3
875117   3
873598   3
559956   3
474305   3
1002376   3
318749   3
541132   3
1263783   3
960754   3
1262246   3
1136838   3
1006707   3
598479   3
440230   3
635211   3
515000   3
1230487   3
833592   3
315282   3
478233   3
751026   3
777411   3
538460   3
521622   3
1617699   3
1196523   3
775450   3
1148500   3
391467   3
1223128   3
1746029   3
596681   3
819989   3
597726   3
1138827   3
517293   3
1350110   3
1107755   3
515524   3
403220   3
426351   3
1052214   3
620768   3
1495107   3
1001830   3
373270   3
1137247   3
695697   3
1180320   3
935121   3
750698   3
963268   3
1745931   3
1021101   3
425717   3
959796   3
934829   3
906012   3
597626   3
1092207   3
439378   3
438749   3
987842   3
1181048   3
959628   3
480602   3
1193649   3
652655   3
2102060   3
1195366   3
1365968   3
515177   3
617980   3
991537   3
1004944   3
335406   3
333377   3
992031   3
1181853   3
538296   3
583238   3
1446110   3
1004755   3
946276   3
522922   3
404331   3
537357   3
599032   3
1280101   3
619641   3
1066697   3
1135957   3
935557   3
697031   3
720888   3
1429452   3
521255   3
540848   3
1006233   3
481307   3
598949   3
1447902   3
477641   3
670181   3
791920   3
373831   3
865305   3
439057   3
987763   3
775174   3
1379223   3
478710   3
438635   3
976729   3
355197   3
652703   3
1006236   3
350347   3
2699038   3
791414   3
1749654   3
1745887   3
540561   3
515101   3
420020   3
894288   3
442939   3
644358   3
541148   3
849597   3
989929   3
1020943   3
622843   3
560391   3
1094321   3
656925   3
493108   3
888884   3
621941   3
1095799   3
735645   3
1037848   3
1383150   3
317387   3
961272   3
524259   3
1040703   3
1002402   3
516668   3
318789   3
906232   3
989257   3
1382522   3
719887   3
522441   3
944766   3
677214   3
1446936   3
819726   3
1050557   3
477897   3
315274   3
619430   3
475460   3
819822   3
718711   3
1066820   3
535528   3
835267   3
334941   3
483572   3
442058   3
1005063   3
987549   3
622792   3
521222   3
330841   3
385689   3
1006295   3
1038500   3
1222999   3
1002127   3
407552   3
1279348   3
617518   3
492984   3
987631   3
907617   3
1224719   3
573864   3
540552   3
1182048   3
865361   3
579632   3
1002997   3
1227261   3
317953   3
1210300   3
333504   3
1195467   3
539729   3
480211   3
331081   3
1178113   3
905848   3
774928   3
1209135   3
1002157   3
524589   3
334138   3
1224079   3
669833   3
464085   3
651622   3
888505   3
1110319   3
989855   3
635234   3
822947   3
405925   3
775195   3
445346   3
764195   3
514418   3
1003410   3
1382313   3
792690   3
751460   3
654228   3
1345749   3
1346975   3
539398   3
621109   3
575207   3
764717   3
1197184   3
560289   3
934172   3
1209128   3
644857   3
1006235   3
1002206   3
1382320   3
679615   3
523284   3
822450   3
1040719   3
621685   3
403609   3
463011   3
793067   3
976585   3
1002836   3
617015   3
1138561   3
1002768   3
352574   3
423183   3
617165   3
575702   3
1166415   3
442484   3
720108   3
571457   3
751658   3
640166   3
521645   3
1764714   3
1193659   3
1195942   3
1195565   3
977597   3
1429859   3
1022071   3
819856   3
621267   3
1344736   3
313156   3
1193174   3
598130   3
1181696   3
438183   3
1005115   3
934477   3
538769   3
777271   3
336579   3
1065166   3
1049407   3
572416   3
634065   3
367765   3
1277188   3
750531   3
806387   3
642611   3
875216   3
1749741   3
1448313   3
1344933   3
835439   3
353706   3
894390   3
402206   3
517112   3
493488   3
521857   3
1261483   3
906775   3
520031   3
1261202   3
1280710   3
935106   3
733537   3
621235   3
571294   3
779039   3
1383710   3
517700   3
483813   3
335040   3
621525   3
1379049   3
960466   3
1430293   3
373761   3
1177923   3
573690   3
533202   3
736356   3
1000982   3
1345873   3
620659   3
422182   3
1052108   3
1260305   3
652595   3
385624   3
368208   3
1746470   3
524540   3
536664   3
765347   3
520740   3
776054   3
638217   3
1051949   3
355186   3
1001668   3
423035   3
374525   3
350477   3
865442   3
516034   3
760889   3
617435   3
560325   3
805647   3
515950   3
921872   3
777458   3
1478798   3
1246251   3
514544   3
820026   3
535648   3
638350   3
1092651   3
576341   3
1263254   3
653409   3
514415   3
1397751   3
1095780   3
534292   3
718526   3
959604   3
1051314   3
1003011   3
314209   3
1494997   3
518981   3
1224367   3
876530   3
405779   3
634870   3
2102169   3
1245190   3
750331   3
737758   3
1382266   3
405783   3
1280674   3
681501   3
334046   3
1224568   3
1068060   3
670629   3
538588   3
947509   3
622182   3
764089   3
335112   3
718373   3
524509   3
1382626   3
1079180   3
439811   3
718413   3
313359   3
406655   3
932730   3
719686   3
479471   3
538103   3
1001079   3
906703   3
671944   3
719120   3
400175   3
1077786   3
1366406   3
482552   3
635775   3
1193486   3
580763   3
734262   3
820354   3
865184   3
1150967   3
1110386   3
747109   3
890479   3
521169   3
987861   3
865289   3
902836   3
533797   3
1149037   3
1037845   3
315428   3
1225338   3
315169   3
1226706   3
406367   3
1038087   3
1223029   3
419429   3
355113   3
750693   3
894435   3
514200   3
534075   3
1383766   3
1262536   3
597242   3
445450   3
597527   3
515223   3
1139924   3
990257   3
405910   3
1038486   3
1005715   3
1096039   3
532139   3
959952   3
822507   3
524475   3
540628   3
1038481   3
1001768   3
791737   3
423177   3
401418   3
1264298   3
576409   3
513759   3
922250   3
1022273   3
538067   3
536865   3
539308   3
750444   3
875462   3
1052737   3
573937   3
515405   3
642552   3
872984   3
1025464   3
642582   3
1279327   3
865097   3
657952   3
1040585   3
894584   3
1001473   3
386299   3
658913   3
1162639   3
477515   3
676623   3
523241   3
478579   3
404503   3
522100   3
1428933   3
368180   3
1002756   3
516103   3
696746   3
524007   3
523683   3
1038376   3
445664   3
779656   3
793053   3
1196983   3
1164044   3
865142   3
1345564   3
368160   3
1400920   3
864389   3
1125088   3
819927   3
872149   3
1092290   3
598795   3
1260544   3
1004217   3
653324   3
407212   3
835805   3
520733   3
574491   3
764951   3
720699   3
634816   3
352644   3
720375   3
483145   3
865653   3
483301   3
1260364   3
793128   3
653279   3
959635   3
1092968   3
1224272   3
1197251   3
1051741   3
723530   3
1139604   3
423080   3
387511   3
1139235   3
1038498   3
1230800   3
1181879   3
834572   3
406658   3
1448215   3
1198153   3
1210652   3
482943   3
793052   3
679136   3
904496   3
1211290   3
400641   3
819853   3
1349053   3
1020761   3
933877   3
1038581   3
1281381   3
1040709   3
2101710   3
516935   3
834637   3
1050998   3
440043   3
620236   3
1229490   3
599123   3
480223   3
722501   3
1093220   3
860272   3
355415   3
522105   3
1037772   3
404440   3
353064   3
420468   3
539141   3
1477949   3
905866   3
934891   3
736852   3
391583   3
597715   3
522715   3
350956   3
1210415   3
903272   3
804482   3
894484   3
1138375   3
1746548   3
1020565   3
894414   3
444147   3
762922   3
765132   3
437755   3
1749761   3
421712   3
479844   3
658686   3
908644   3
1277758   3
717171   3
908471   3
653426   3
1382906   3
1040778   3
524191   3
1065569   3
513886   3
1764286   3
524186   3
1209218   3
1379994   3
860360   3
1195462   3
332479   3
560312   3
1079183   3
1228255   3
960289   3
1195893   3
1004278   3
934833   3
721258   3
477796   3
480596   3
1224264   3
620865   3
806816   3
792743   3
791611   3
1447723   3
1332400   3
833291   3
775180   3
334942   3
643248   3
1037768   3
833192   3
318192   3
537847   3
317658   3
1399735   3
1038071   3
976697   3
1399769   3
947441   3
634503   3
385445   3
1749840   3
523648   3
598820   3
1091732   3
1265241   3
680786   3
659701   3
1149166   3
407645   3
634252   3
618835   3
1021027   3
1210473   3
748359   3
804168   3
949746   3
337077   3
791460   3
865328   3
1229749   3
480682   3
1023512   3
598401   3
519082   3
560577   3
406016   3
406629   3
463186   3
718070   3
681298   3
1262006   3
303783   3
865199   3
1001718   3
422959   3
902951   3
1195763   3
1178116   3
1265371   3
653170   3
875860   3
765959   3
1382640   3
1038035   3
1227562   3
894463   3
850493   3
1003411   3
1002811   3
1264303   3
524714   3
850400   3
514275   3
522926   3
904883   3
1003377   3
718142   3
865069   3
1092486   3
945651   3
427218   3
735830   3
1077800   3
1025460   3
750569   3
1139673   3
1004680   3
1277607   3
849378   3
901938   3
906758   3
1002214   3
373937   3
891371   3
524111   3
1264331   3
1224815   3
905677   3
1148961   3
524427   3
477798   3
1038630   3
598846   3
355337   3
834514   3
642975   3
516834   3
722759   3
537835   3
334870   3
1245461   3
720591   3
1001390   3
1021237   3
515779   3
539269   3
1195251   3
1023414   3
1007095   3
678748   3
425482   3
1193705   3
400361   3
1023899   3
1037763   3
1193652   3
597035   3
515986   3
1209879   3
2101903   3
336003   3
890977   3
477914   3
934846   3
988875   3
652993   3
1198038   3
1497839   3
1001780   3
865221   3
367698   3
621662   3
478723   3
1447447   3
775067   3
482132   3
1746064   3
751630   3
635231   3
935506   3
1001397   3
642361   3
1245631   3
521847   3
1433164   3
640611   3
761264   3
1378442   3
1262838   3
762414   3
332069   3
515533   3
439485   3
475491   3
1449321   3
934650   3
1278289   3
751270   3
420131   3
598521   3
659937   3
1006503   3
1228163   3
959926   3
581007   3
1067834   3
1092810   3
779367   3
517210   3
907488   3
427562   3
574627   3
355235   3
681111   3
1002731   3
578345   3
865052   3
1139624   3
945431   3
574814   3
560548   3
946146   3
933965   3
385385   3
1002803   3
418706   3
518930   3
834197   3
515043   3
635916   3
835205   3
1447894   3
821405   3
426033   3
572921   3
1230966   3
400263   3
718936   3
639902   3
1037660   3
849871   3
1148497   3
1382121   3
332371   3
642148   3
736616   3
1195030   3
1430427   3
1448200   3
317794   3
1167044   3
522078   3
515563   3
1764541   3
1006598   3
894472   3
752323   3
719591   3
596531   3
779119   3
749242   3
1040200   3
1040702   3
621412   3
1347203   3
1430424   3
1149589   3
1162985   3
748650   3
1229655   3
1054728   3
619745   3
1228290   3
1493993   3
520995   3
934074   3
537466   3
538320   3
1135983   3
764826   3
1279028   3
656089   3
944409   3
1277525   3
1277084   3
903120   3
693384   3
1149062   3
314562   3
905607   3
1446702   3
1226576   3
1052192   3
444725   3
482917   3
532892   3
351313   3
791579   3
1210026   3
894302   3
1851402   3
515734   3
1002877   3
718648   3
1051396   3
479057   3
1004729   3
660269   3
1210024   3
1225859   3
1148545   3
933526   3
791217   3
1265430   3
573243   3
1139159   3
483150   3
572000   3
658320   3
524126   3
1077495   3
537059   3
894261   3
578097   3
598439   3
803615   3
992291   3
314171   3
522554   3
681039   3
1162432   3
1003498   3
1077724   3
522865   3
1226537   3
1003055   3
330360   3
819770   3
822680   3
483628   3
1260868   3
721100   3
803887   3
1021754   3
1383570   3
751628   3
749425   3
1260296   3
850186   3
1038010   3
1004004   3
723080   3
475381   3
903738   3
865481   3
1004086   3
906907   3
1383538   3
865151   3
1261007   3
988484   3
1277469   3
960640   3
1138961   3
515862   3
1149091   4
865066   4
778944   4
1346663   4
439436   4
1006137   4
1209230   4
1230134   4
1278705   4
805453   4
1261169   4
834148   4
1004852   4
934574   4
576063   4
404427   4
596790   4
1148464   4
1384089   4
749882   4
658190   4
636468   4
1229989   4
481410   4
1004224   4
1078706   4
534253   4
478125   4
635624   4
317906   4
989948   4
638240   4
660560   4
906740   4
389774   4
334747   4
638406   4
426103   4
423697   4
514204   4
2101575   4
1066446   4
459569   4
483161   4
1477831   4
821862   4
1079107   4
622960   4
1193534   4
659366   4
540429   4
906119   4
962947   4
1243807   4
634466   4
1195887   4
316909   4
791502   4
581665   4
1211698   4
1280261   4
523282   4
1166118   4
353693   4
681805   4
833225   4
748308   4
1004748   4
805917   4
1195607   4
643611   4
401305   4
722263   4
761060   4
643358   4
524422   4
976659   4
303720   4
779211   4
1430397   4
1511158   4
315392   4
778290   4
1260811   4
765554   4
1366165   4
1166200   4
1139971   4
1260708   4
1225038   4
330410   4
894189   4
1448573   4
660636   4
2101811   4
1149672   4
354068   4
1260690   4
634934   4
1138058   4
1054956   4
806118   4
560319   4
1003206   4
1494672   4
778525   4
482482   4
2101991   4
1148425   4
1149080   4
1263332   4
1022269   4
1265857   4
621307   4
681035   4
1195168   4
374889   4
1037752   4
1227032   4
1382360   4
865312   4
515297   4
988369   4
694610   4
515531   4
596277   4
354769   4
1617134   4
539320   4
582706   4
513783   4
652861   4
352949   4
1067290   4
1092351   4
822425   4
478383   4
1227538   4
2101164   4
538371   4
1149578   4
524338   4
1430379   4
1002622   4
1001839   4
388688   4
1382697   4
977156   4
400481   4
482240   4
803629   4
1198059   4
1152859   4
1040757   4
540910   4
670128   4
779366   4
1429608   4
574527   4
822430   4
387243   4
935627   4
1227412   4
524177   4
1051006   4
1197558   4
539134   4
1066704   4
1382985   4
642391   4
478354   4
1163141   4
866044   4
660172   4
524862   4
1433663   4
314268   4
1344798   4
335894   4
539680   4
596235   4
333778   4
1400496   4
403128   4
680323   4
520861   4
348146   4
513707   4
1399959   4
334163   4
330806   4
658696   4
636258   4
352633   4
575434   4
1434676   4
777096   4
904626   4
1209972   4
334928   4
920570   4
1749990   4
1092199   4
1050872   4
1038029   4
407180   4
1383423   4
390022   4
779821   4
560175   4
1004802   4
477056   4
1136085   4
808955   4
1264930   4
1510962   4
538506   4
638636   4
418821   4
962923   4
1264754   4
477064   4
976884   4
659620   4
1445968   4
386514   4
1149797   4
679346   4
622914   4
406092   4
720766   4
935171   4
1383717   4
894169   4
1225131   4
331106   4
934812   4
315404   4
977267   4
524284   4
1079125   4
313186   4
634728   4
537027   4
374991   4
1162652   4
472374   4
804982   4
860467   4
935274   4
945534   4
1749470   4
1430269   4
524445   4
387447   4
1225511   4
426700   4
849812   4
876231   4
1005998   4
865089   4
749136   4
1004798   4
717127   4
1110845   4
1430029   4
762633   4
539276   4
681598   4
439202   4
1139819   4
354717   4
790532   4
478493   4
1379474   4
316138   4
804978   4
738016   4
1248104   4
537212   4
1148910   4
1110423   4
524945   4
906323   4
2101239   4
1078215   4
581105   4
513822   4
583669   4
515333   4
864751   4
907474   4
749551   4
1265364   4
353005   4
517558   4
1051242   4
920425   4
1209307   4
621991   4
653050   4
1348181   4
834947   4
1078592   4
1166033   4
1247511   4
438308   4
681807   4
1005130   4
524228   4
635025   4
680232   4
425385   4
385743   4
619195   4
1091786   4
480859   4
1749789   4
779389   4
638216   4
583925   4
1052582   4
1003102   4
574258   4
639781   4
2102154   4
438329   4
336806   4
313537   4
520635   4
318752   4
821355   4
1223074   4
483702   4
959539   4
1446422   4
978228   4
537899   4
639215   4
2101846   4
849369   4
444162   4
991639   4
466905   4
1001131   4
1193545   4
680242   4
332169   4
439189   4
992385   4
463795   4
870873   4
991550   4
820034   4
331130   4
577409   4
960057   4
908545   4
779254   4
651903   4
352184   4
976795   4
653740   4
790058   4
819971   4
515287   4
407653   4
640474   4
1263397   4
637486   4
315361   4
1280273   4
1180477   4
904172   4
1229586   4
1279138   4
791155   4
805526   4
765934   4
596360   4
313592   4
373521   4
1149029   4
803897   4
541316   4
524686   4
851376   4
851718   4
573823   4
1365841   4
1196814   4
692300   4
652131   4
904632   4
535688   4
1223942   4
1164166   4
1149890   4
334512   4
572363   4
790669   4
962770   4
697396   4
1181217   4
775479   4
791395   4
1052992   4
1223369   4
1261980   4
831680   4
670072   4
330628   4
421797   4
1209161   4
521675   4
989854   4
1344841   4
1003378   4
1040886   4
1494022   4
719273   4
820039   4
777325   4
677021   4
1001376   4
793605   4
1209194   4
641687   4
1002477   4
934911   4
890818   4
1003828   4
934408   4
427248   4
820031   4
876436   4
641865   4
622253   4
1134457   4
720305   4
640504   4
791417   4
1092281   4
865332   4
720182   4
1350074   4
619988   4
575326   4
1150294   4
1020635   4
1247093   4
1138552   4
534269   4
1264892   4
1111090   4
476693   4
865266   4
596846   4
481825   4
833799   4
1264674   4
403209   4
865764   4
1079127   4
721680   4
1261521   4
313601   4
538752   4
316112   4
719490   4
634981   4
1150269   4
949554   4
1261555   4
804731   4
746875   4
779035   4
1477875   4
850544   4
1005692   4
407985   4
865188   4
1110439   4
421847   4
580236   4
1001424   4
1245314   4
679322   4
723313   4
890726   4
1005107   4
536464   4
820021   4
792875   4
1110623   4
315804   4
1281494   4
977687   4
903863   4
317475   4
850172   4
407471   4
478922   4
1746201   4
571219   4
677079   4
779124   4
438679   4
407733   4
404366   4
1210152   4
1243201   4
334176   4
641650   4
945604   4
1125813   4
890843   4
962769   4
1263376   4
805632   4
906271   4
1851394   4
1038013   4
988849   4
935132   4
805172   4
793126   4
330120   4
1224760   4
720673   4
421885   4
456265   4
315651   4
1149189   4
1137337   4
833416   4
540875   4
534159   4
1260101   4
1211260   4
1243679   4
779895   4
865268   4
1109913   4
1278596   4
405956   4
1138048   4
313060   4
1277386   4
849497   4
1382608   4
1125498   4
476972   4
1209901   4
1211452   4
790063   4
806469   4
716430   4
1280702   4
680175   4
751930   4
1150609   4
778752   4
538757   4
1278163   4
959501   4
638593   4
515858   4
1004343   4
1161978   4
331080   4
1003993   4
1383543   4
620244   4
538578   4
658987   4
722076   4
523039   4
1397736   4
2101278   4
790140   4
317479   4
520709   4
1852387   4
991435   4
522805   4
1140294   4
793367   4
735655   4
1037913   4
1277834   4
790765   4
573320   4
737186   4
653605   4
1396665   4
622276   4
779344   4
315430   4
1162842   4
1445869   4
479758   4
523369   4
822780   4
1005092   4
573245   4
1262159   4
692306   4
818488   4
850359   4
1162952   4
517397   4
575358   4
559792   4
318970   4
659527   4
865390   4
407191   4
669856   4
1259959   4
335232   4
1148950   4
1038036   4
1138873   4
478157   4
642950   4
865220   4
1247310   4
806050   4
722259   4
1096012   4
720348   4
720676   4
934952   4
1040747   4
1149142   4
387744   4
819967   4
888693   4
676816   4
1166823   4
538698   4
1447253   4
779073   4
1265034   4
1260507   4
1139766   4
657077   4
355136   4
1001725   4
598741   4
988383   4
314443   4
990236   4
445279   4
777340   4
793347   4
1038033   4
906662   4
1230174   4
522793   4
778550   4
989786   4
1446196   4
1749586   4
1227978   4
693736   4
864783   4
946105   4
533489   4
1148760   4
935239   4
524158   4
653787   4
540714   4
805651   4
1280716   4
407559   4
935269   4
1109316   4
805528   4
1137160   4
959589   4
637832   4
1038267   4
635521   4
1349832   4
1400508   4
747914   4
1002200   4
697237   4
697546   4
681026   4
1383127   4
962795   4
2101967   4
335078   4
1078210   4
977139   4
721245   4
1038654   4
1278435   4
1004980   4
791154   4
318268   4
1616776   4
314568   4
1211650   4
989155   4
622653   4
850541   4
719422   4
935477   4
598128   4
738204   4
375167   4
374566   4
1002829   4
444023   4
1092978   4
463345   4
1138036   4
578532   4
619207   4
540744   4
350336   4
644912   4
406843   4
1762756   4
1223250   4
1148559   4
519938   4
1038898   4
1068061   4
1150932   4
1434438   4
695667   4
750704   4
1111102   4
818608   4
336420   4
314290   4
778486   4
1137940   4
657948   4
560292   4
621117   4
1277906   4
478788   4
776714   4
438236   4
402006   4
671834   4
1165151   4
977024   4
671739   4
978133   4
790008   4
1399236   4
1134450   4
1226392   4
693244   4
1434243   4
421505   4
874772   4
1366033   4
313176   4
348058   4
1227846   4
1450079   4
822755   4
570643   4
522462   4
1149605   4
464498   4
1001468   4
1149694   4
945014   4
1196643   4
576767   4
523199   4
539081   4
423473   4
1382549   4
1378823   4
1005164   4
1225883   4
1139960   4
1037864   4
404131   4
317915   4
597754   4
865171   4
1038942   4
695117   4
534063   4
524824   4
834218   4
1278704   4
721935   4
834766   4
1383654   4
578480   4
990121   4
1345877   4
934645   4
1447282   4
1037783   4
779355   4
514152   4
681642   4
1434361   4
418732   4
678856   4
421672   4
1121890   4
865109   4
2749012   4
833722   4
642379   4
524489   4
901933   4
476293   4
1448063   4
515058   4
765825   4
458727   4
641594   4
1110225   4
1092245   4
478292   4
642661   4
1279086   4
1313921   4
865262   4
597078   4
596729   4
791094   4
419398   4
962810   4
336672   4
1134569   4
717887   4
303416   4
819828   4
990643   4
1193690   4
792569   4
669986   4
482270   4
805624   4
1149156   4
1224925   4
1092244   4
1038265   4
634581   4
836803   4
639008   4
849780   4
719342   4
523412   4
1382734   4
1227542   4
946371   4
764113   4
537328   4
1383633   4
865040   4
573643   4
636184   4
935173   4
523087   4
1449058   4
789868   4
720141   4
1053487   4
573827   4
906527   4
493098   4
1617481   4
404046   4
1209955   4
1003372   4
1259908   4
669736   4
805637   4
1382402   4
977205   4
1749184   4
571805   4
1097493   4
524580   4
303483   4
515240   4
517253   4
1362636   4
1149155   4
1383175   4
875859   4
479271   4
652544   4
1447466   4
516809   4
520762   4
463157   4
1226138   4
517025   4
1498071   4
1004645   4
1038097   4
835858   4
775221   4
749542   4
1332330   4
793618   4
404454   4
1004005   4
793016   4
1020816   4
523399   4
634993   4
618483   4
697189   4
576624   4
515894   4
988893   4
515942   4
1198006   4
367583   4
1126031   4
481950   4
988663   4
1037819   4
622722   4
1176879   4
1001633   4
1148872   4
834291   4
1068724   4
765928   4
515091   4
949671   4
821825   4
335090   4
1149822   4
1262864   4
313629   4
865173   4
1109729   4
334130   4
865398   4
778365   4
676503   4
1003214   4
535535   4
1150638   4
479479   4
1447421   4
1125908   4
537444   4
533418   4
778782   4
1050567   4
718349   4
517590   4
1149773   4
1749558   4
643831   4
521911   4
329885   4
1150391   4
1447005   4
1193698   4
1025252   4
652713   4
318680   4
1092732   4
524763   4
976466   4
760847   4
331513   4
865169   4
1383789   4
1068544   4
1382184   4
779493   4
1038496   4
1109348   4
538252   4
573609   4
1006166   4
720957   4
1245479   4
865271   4
1278411   4
791048   4
1261054   4
1262120   4
1265839   4
792925   4
637233   4
670148   4
1003468   4
1137420   4
1279847   4
776443   4
778808   4
334414   4
643323   4
947464   4
1052178   4
1383027   4
1227311   4
636318   4
540481   4
350388   4
539337   4
1066891   4
404566   4
331036   4
1139347   4
318264   4
1139752   4
977016   4
1004744   4
1004884   4
575921   4
524208   4
1193719   4
427339   4
906766   4
643306   4
318765   4
804453   4
1038694   4
1400851   4
539212   4
1852783   4
790977   4
1328960   4
331379   4
778307   4
1148947   4
1149103   4
540239   4
349681   4
819999   4
1038028   4
514373   4
2101551   4
635565   4
961466   4
805868   4
331792   4
1002926   4
457198   4
889875   4
476836   4
1038497   4
533100   4
1229593   4
805579   4
807019   4
538918   4
575526   4
752212   4
721070   4
538217   4
1038080   4
894310   4
935539   4
778848   4
1006111   4
865146   4
539174   4
1125507   4
1066986   4
1264641   4
1052650   4
1005693   4
717988   4
539662   4
1162868   4
804186   4
1038420   4
334479   4
1037850   4
517601   4
539773   4
463135   4
576441   4
620101   4
515209   4
764446   4
1140350   4
636375   4
367062   4
634992   4
1164195   4
949801   4
1038193   4
697368   4
779189   4
1193455   4
539173   4
1344831   4
793043   4
1497753   4
873923   4
1110437   4
636308   4
1263889   4
1260447   4
1139366   4
317292   4
821674   4
779111   4
317393   4
581177   4
894408   4
1265018   4
835822   4
821421   4
661753   4
482303   4
752504   4
1383847   4
1038218   4
908639   4
871974   4
537142   4
932997   4
1134592   4
680668   4
762960   4
1125575   4
524682   4
1448168   4
635603   4
670113   4
533113   4
523718   4
819957   4
762365   4
639994   4
697307   4
1264473   4
540488   4
1247426   4
535288   4
1051191   4
635185   4
421377   4
821808   4
1245679   4
634926   4
765259   4
699160   4
1094315   4
597774   4
1093179   4
1209406   4
1260282   4
517630   4
635170   4
1006896   4
821722   4
582936   4
533993   4
1279915   4
318817   4
1149083   4
335187   4
734267   4
642775   4
961110   4
1038380   4
1196942   4
894219   4
1380273   4
680857   4
1262144   4
1224970   4
851551   4
1004951   5
960902   5
617558   5
534033   5
538825   5
1125584   5
1021283   5
947483   5
620379   5
792850   5
521180   5
761326   5
1037544   5
540403   5
1164708   5
620936   5
1746336   5
749605   5
313586   5
514573   5
538097   5
644350   5
1005987   5
514620   5
514609   5
457583   5
779466   5
1226313   5
1223178   5
1001675   5
1195308   5
560363   5
1364786   5
538420   5
1448677   5
478505   5
1149015   5
1064618   5
1328214   5
1225179   5
1053768   5
977944   5
806388   5
992822   5
819916   5
635648   5
721312   5
1004885   5
681708   5
577486   5
1149084   5
806349   5
808939   5
539908   5
1003916   5
935296   5
634716   5
865229   5
693853   5
597896   5
523726   5
539102   5
1446025   5
1166177   5
990607   5
1134385   5
1003383   5
874041   5
385429   5
694334   5
977348   5
1038490   5
1261036   5
976591   5
334095   5
1378811   5
907593   5
1279579   5
1230520   5
479013   5
374997   5
572479   5
441695   5
619209   5
579866   5
1478742   5
888713   5
921804   5
1229516   5
515271   5
540666   5
809050   5
598870   5
303426   5
1246791   5
642329   5
442922   5
1026070   5
1150956   5
671133   5
1279181   5
537728   5
1040019   5
515516   5
1279315   5
349478   5
1383996   5
1149031   5
1040499   5
1005048   5
1259788   5
1852376   5
1195959   5
1148957   5
1193606   5
475673   5
834814   5
1400409   5
1068053   5
1223064   5
439237   5
349586   5
580935   5
1498222   5
1260277   5
1138142   5
976655   5
480314   5
643392   5
424610   5
537968   5
875348   5
407119   5
1211217   5
1264287   5
618572   5
805070   5
1052377   5
404009   5
539903   5
1003942   5
1037562   5
1281297   5
318392   5
1038936   5
962678   5
438498   5
534918   5
765513   5
805008   5
790399   5
962798   5
539407   5
1279019   5
523746   5
1347536   5
619861   5
716653   5
989185   5
473415   5
1139761   5
1447053   5
540466   5
634633   5
493457   5
892418   5
644301   5
335079   5
1139605   5
791692   5
819962   5
573479   5
533454   5
746549   5
944794   5
1037729   5
479311   5
652719   5
1446785   5
1480121   5
1242972   5
1177898   5
1003537   5
439256   5
1148899   5
427529   5
670568   5
373271   5
894305   5
988764   5
1053193   5
1383836   5
514588   5
749973   5
659173   5
699896   5
1400720   5
657895   5
1003556   5
403663   5
620676   5
617193   5
775398   5
1006476   5
580753   5
598648   5
438412   5
1279593   5
385606   5
560241   5
865222   5
515554   5
1040009   5
988963   5
422990   5
523205   5
355935   5
1026000   5
1764149   5
621331   5
1224545   5
865121   5
337426   5
482594   5
949517   5
643687   5
1003439   5
1126051   5
1222560   5
681270   5
1383287   5
1149905   5
1262558   5
992254   5
792938   5
959586   5
791605   5
1038730   5
735705   5
1003523   5
537489   5
400539   5
521549   5
793119   5
1617046   5
1262875   5
946026   5
523278   5
1162716   5
572595   5
524298   5
1511278   5
805525   5
833695   5
1226755   5
1196911   5
535934   5
1006441   5
669834   5
721000   5
535718   5
1344869   5
779457   5
891343   5
1225193   5
1092223   5
336053   5
1150307   5
720918   5
1227477   5
988438   5
523588   5
1003512   5
1149725   5
1430827   5
718173   5
560396   5
316205   5
1230732   5
945048   5
639990   5
1245757   5
482868   5
316145   5
570945   5
1022988   5
1498211   5
1006311   5
873928   5
317958   5
533826   5
1229644   5
1764307   5
959560   5
515336   5
1348747   5
1617252   5
1493947   5
1209153   5
821373   5
865071   5
538623   5
1260772   5
751972   5
1195892   5
456716   5
331716   5
934141   5
1260313   5
523408   5
598192   5
539427   5
571524   5
423266   5
1383741   5
750585   5
550898   5
793037   5
831954   5
1149017   5
792937   5
523402   5
890956   5
635282   5
1397130   5
1224608   5
574368   5
1209243   5
406612   5
573581   5
945548   5
317858   5
959949   5
1003412   5
560109   5
1195078   5
1040038   5
1243203   5
865225   5
1243273   5
1166099   5
541256   5
992861   5
1211133   5
636193   5
904353   5
1193604   5
779408   5
2102126   5
516869   5
1149585   5
976482   5
1224710   5
1053118   5
946107   5
905515   5
1245205   5
1051101   5
833858   5
513935   5
1195601   5
1264201   5
621166   5
318586   5
581961   5
1449402   5
514150   5
1193630   5
1037829   5
387062   5
619141   5
598397   5
750344   5
806894   5
537955   5
617234   5
1383790   5
540285   5
523813   5
576960   5
805400   5
1110475   5
819869   5
596672   5
681328   5
960883   5
988421   5
679587   5
903983   5
1040879   5
1225724   5
407979   5
1148870   5
791958   5
976893   5
902634   5
438210   5
1264311   5
634790   5
698171   5
523455   5
805893   5
659313   5
1038678   5
642393   5
1230097   5
988698   5
644118   5
351000   5
520937   5
636188   5
521281   5
368271   5
523309   5
1149747   5
640074   5
537445   5
779593   5
1002745   5
1137835   5
517562   5
1051374   5
660971   5
978036   5
1617508   5
1498230   5
1378722   5
1383401   5
1004019   5
977481   5
793395   5
921775   5
475631   5
960427   5
750496   5
1193062   5
1107871   5
537045   5
865141   5
818413   5
1280868   5
1049539   5
793901   5
764764   5
1096050   5
851370   5
822914   5
1764188   5
437278   5
351776   5
514867   5
475497   5
944886   5
515387   5
483286   5
573966   5
1260264   5
1195924   5
1224758   5
934088   5
335067   5
352820   5
539621   5
1068955   5
934773   5
1162898   5
907664   5
751376   5
1276832   5
989703   5
520879   5
539196   5
1164601   5
636875   5
1197490   5
1225744   5
934865   5
456237   5
890432   5
1225054   5
1149778   5
524115   5
659372   5
524085   5
1004713   5
519159   5
1037917   5
1746471   5
582588   5
903683   5
764137   5
821794   5
1477823   5
523992   5
578334   5
875702   5
349510   5
718398   5
1021099   5
332062   5
1067560   5
976728   5
1149633   5
466656   5
537364   5
1263354   5
765956   5
517600   5
1038144   5
540775   5
524892   5
749601   5
805911   5
746763   5
333681   5
617010   5
865875   5
945292   5
1365026   5
752202   5
946070   5
1193454   5
890791   5
524471   5
1345830   5
669810   5
522994   5
483024   5
1003435   5
538942   5
1195287   5
596632   5
1038566   5
1004668   5
1077729   5
633484   5
866000   5
1138342   5
404321   5
1428783   5
404222   5
1005075   5
424348   5
524595   5
517628   5
653484   5
640919   5
445988   5
1038485   5
791687   5
374877   5
420765   5
718647   5
1162684   5
1050974   5
1379230   5
717648   5
479685   5
523440   5
1148534   5
750134   5
906875   5
1005969   5
1345962   5
1279180   5
851559   5
821740   5
1162848   5
1248254   5
1261600   5
821658   5
804722   5
819797   5
670721   5
317611   5
669752   5
803675   5
1006855   5
875065   5
960785   5
1197054   5
1068048   5
734948   5
483391   5
481174   5
945650   5
658481   5
737614   5
374167   5
521844   5
792893   5
2101286   5
426530   5
894401   5
1265145   5
1746613   5
540790   5
1263341   5
792916   5
1003613   5
1162907   5
538553   5
1396474   5
479476   5
1264483   5
1223155   5
401315   5
423053   5
333062   5
1210557   5
523159   5
1260508   5
479409   5
1149095   5
850330   5
438506   5
303445   5
1068952   5
821353   5
1262564   5
819929   5
1025685   5
464298   5
1265092   5
618327   5
1150065   5
532250   5
425664   5
1265412   5
1264173   5
1227140   5
1262354   5
537627   5
481234   5
1361416   5
479809   5
961538   5
1225627   5
524511   5
1264612   5
1378778   5
1225734   5
894417   5
1383434   5
622128   5
819956   5
1038083   5
821810   5
807539   5
819924   5
406471   5
438616   5
1400864   5
337921   5
719060   5
540792   5
680326   5
1261530   5
540533   5
720925   5
1020794   5
1004418   5
538474   5
481983   5
1382016   5
1179327   5
537201   5
680928   5
1096179   5
661821   5
539995   5
1449138   5
524947   5
680715   5
793152   5
316442   5
760837   5
733870   5
634362   5
805547   5
1082064   5
335442   5
540982   5
523945   5
1091724   5
1367157   5
1383749   5
353911   5
1038592   5
1149068   5
1345449   5
538287   5
893941   5
1038515   5
833720   5
1136697   5
334887   5
1152842   5
441983   5
522551   5
977310   5
1210220   5
539294   5
1003488   5
762870   5
819844   5
1002696   5
1434019   5
1478303   5
680948   5
621226   5
1138580   5
934599   5
642205   5
1245570   5
876859   5
681582   5
681646   5
570682   5
1107868   5
1193626   5
1026237   5
577555   5
1380122   5
1005030   5
535685   5
482001   5
978061   5
976716   5
540682   5
1150564   5
959673   5
933229   5
524293   5
1162397   5
334413   5
871999   5
1496492   5
865381   5
1260347   5
833919   5
976490   5
1263726   5
1279789   5
1210369   5
872172   5
1330420   5
1150172   5
659212   5
1363041   5
821891   5
1095730   5
636522   5
514802   5
1244062   5
635786   5
348362   5
560118   5
1764676   5
790823   5
1477926   5
1148797   5
992355   5
1264482   5
1077771   5
575096   5
421155   5
352901   5
1210343   5
976974   5
696525   5
962905   5
423114   5
892320   5
350497   5
437512   5
865355   5
934268   5
791181   5
876330   5
524683   5
303910   5
991774   5
692721   5
1003086   5
2101813   5
643317   5
515503   5
2102209   5
1109380   5
944788   5
538797   5
466874   5
1193024   5
1226559   5
653189   5
1023634   5
860528   5
444846   5
523285   5
368807   5
437736   5
1004663   5
1259999   5
387319   5
976497   5
960026   5
849519   5
902193   5
1005708   5
1383585   5
1261710   5
723226   5
719786   5
1003912   5
425458   5
1004291   5
1108822   5
1038241   5
792885   5
961374   5
1002569   5
652774   5
792855   5
348993   5
659865   5
1025651   5
1382856   5
560224   5
439864   5
329617   5
1037767   5
1110113   5
1193484   5
736977   5
598351   5
750414   5
1023720   5
1382212   5
1038599   5
1229850   5
1151010   5
355881   5
750901   5
524737   5
574119   5
636361   5
493227   5
478224   5
1023863   5
1002209   5
1093168   5
1002999   5
347856   5
836991   5
1367110   5
571789   5
1264507   5
478844   5
865211   5
776163   5
1280107   5
1447839   5
722104   5
1107943   5
596340   5
1447251   5
426596   5
871780   5
1149107   5
1196506   5
644166   5
1261983   5
537872   5
945493   5
523965   5
870825   5
831959   5
791528   5
482321   5
570537   5
537060   5
635124   5
934824   5
1364948   5
2101717   5
934399   5
806443   5
659086   5
1265335   5
477484   5
1038302   5
1078030   5
961095   5
1111052   5
865281   5
832578   5
932976   5
421114   5
760965   5
833899   5
481887   5
483578   5
387940   5
636564   5
1004275   5
619617   5
560584   5
597681   5
850480   5
1125748   5
539629   5
467394   5
1001437   5
1264210   5
355309   5
765290   5
679056   5
1383625   5
598166   5
1004940   5
947550   5
539291   5
907025   5
1037608   5
780020   5
1382922   5
803894   5
723212   5
865276   5
805864   5
1002441   5
315121   5
991481   5
524275   5
475679   5
539758   5
314625   5
1245983   5
990200   5
520410   5
962906   5
517477   5
893835   5
1434326   5
792975   5
680787   5
1068534   5
598206   5
472808   5
1154112   5
621944   5
1003298   5
520661   5
1193028   5
1125485   5
737676   5
908767   5
315515   5
1037839   5
721726   5
891492   5
890828   5
864657   5
961178   5
1260389   5
539443   5
959771   5
1225089   5
905914   5
538544   5
534150   5
1262752   5
865396   5
778367   5
1165721   5
522544   5
523410   5
1225100   5
721243   5
577739   5
1038562   5
1265204   5
778315   5
1264347   5
373989   5
523922   5
1384160   5
906470   5
671513   5
865317   5
822737   5
906734   5
679114   5
1226212   5
575427   5
976637   5
871034   5
934337   5
1245848   5
621827   5
865139   5
934199   5
779320   5
1383163   5
1230071   5
718722   5
865406   5
1038601   5
523153   5
1230170   5
1004380   5
960106   5
947247   5
1134624   5
720974   5
333498   5
777313   5
1109381   5
1265469   5
751595   5
418690   5
987869   5
779639   5
335748   5
537811   5
976888   5
1333150   5
1001384   5
836434   5
865230   5
1380598   5
524078   5
889753   5
401568   5
779299   5
2102076   5
537975   5
750210   5
1244328   5
792561   5
1365902   5
679715   5
1383381   5
652735   5
876023   5
735122   5
793870   5
680198   5
804743   5
976427   5
751180   5
2101588   5
1434214   5
523973   5
418539   5
439902   5
658726   5
657264   5
908481   5
353108   5
1224713   5
1379846   5
1149090   5
747307   5
1109659   5
619687   5
776403   5
336460   5
1243878   5
1134315   5
808776   5
1383157   5
426531   5
762761   5
1314427   5
1150963   5
1230674   5
1148887   5
672455   5
515661   5
779164   5
522717   5
1197360   5
1037706   5
1344985   5
976688   5
819820   5
734707   5
792041   5
523337   5
333232   5
1053703   5
944355   5
514389   5
693170   5
933228   5
792979   5
1026037   5
1134217   5
560143   5
776357   5
539119   5
1447410   5
864765   5
576958   5
778381   5
1210678   5
1851169   5
893901   5
421506   5
1383770   5
2102178   5
1224266   5
779833   5
721170   5
1242913   5
1430976   5
1003961   5
1244663   5
765796   5
865045   5
934595   5
484284   5
792974   5
575313   5
1148738   5
523016   5
988531   5
933800   5
1382407   5
819960   5
473204   5
642605   5
776613   5
1003996   5
1280554   5
524225   5
634388   5
1329145   5
806422   5
517989   5
894309   5
905440   5
523452   5
386948   5
1361499   5
459668   5
751006   5
1243263   5
652684   5
1447390   5
934696   5
368211   5
680390   5
1245854   5
1038652   5
894344   5
935275   5
660439   5
1225044   5
524270   5
805771   5
1066068   5
934941   5
945643   5
833601   5
1262447   5
747957   5
1764536   5
1004888   5
775538   5
1227295   5
1003369   5
765383   5
1222882   5
1125027   5
1244466   5
524388   5
792951   5
719175   5
1195630   5
1138294   5
775893   5
1383826   6
1107396   6
532707   6
619003   6
522987   6
791102   6
537128   6
1263315   6
642837   6
861100   6
805536   6
860600   6
1150208   6
1179017   6
1038413   6
1004964   6
789987   6
1229910   6
1494615   6
1193214   6
1349829   6
658197   6
960068   6
779364   6
1243158   6
775213   6
479147   6
1022984   6
961271   6
804548   6
932748   6
515522   6
679374   6
779995   6
596404   6
961376   6
1004105   6
535629   6
1193244   6
524106   6
805549   6
540067   6
989837   6
762641   6
1223891   6
791764   6
790569   6
1262735   6
444034   6
524873   6
1263425   6
834712   6
513931   6
374599   6
1140210   6
1224468   6
525180   6
989159   6
634588   6
850451   6
1262043   6
538116   6
1037682   6
635778   6
1193479   6
760753   6
752513   6
1110264   6
834220   6
733370   6
425925   6
1150918   6
1165901   6
903455   6
793115   6
1261316   6
1276802   6
865373   6
524274   6
989580   6
671634   6
351383   6
479657   6
534113   6
1006951   6
1345215   6
1149004   6
778482   6
1026103   6
367889   6
1195132   6
641892   6
669815   6
1037589   6
482972   6
335766   6
1328202   6
523268   6
746622   6
1109869   6
1178160   6
1004778   6
747401   6
482996   6
976471   6
1125652   6
761019   6
386457   6
1210306   6
777800   6
722855   6
1001366   6
793215   6
523230   6
1077898   6
575920   6
1281179   6
906945   6
1005439   6
779440   6
1002689   6
1261970   6
681744   6
750932   6
524157   6
1023585   6
477574   6
1280541   6
1095181   6
1149712   6
1107828   6
1165673   6
976707   6
1161954   6
1149101   6
1230916   6
1037883   6
1195279   6
991866   6
944386   6
1003927   6
1209929   6
550564   6
907424   6
1382543   6
514993   6
1617665   6
1004330   6
425578   6
894513   6
1038482   6
524467   6
790953   6
1349690   6
718376   6
752309   6
1193602   6
1021881   6
651304   6
1055033   6
778972   6
1449285   6
539822   6
373943   6
746512   6
1276978   6
865150   6
834891   6
1109330   6
1040588   6
1265355   6
1446022   6
775218   6
1068613   6
777561   6
888656   6
334167   6
1004694   6
865217   6
1261464   6
977736   6
335583   6
935159   6
1445927   6
934795   6
406299   6
962624   6
1749576   6
574712   6
833817   6
1259879   6
960038   6
521772   6
1193580   6
427435   6
1005055   6
1478098   6
865280   6
976739   6
1279408   6
945384   6
991006   6
1038249   6
978067   6
314741   6
537182   6
1223076   6
481630   6
1264768   6
537100   6
575323   6
1038443   6
534320   6
560902   6
1038843   6
524280   6
779236   6
1025469   6
737014   6
540459   6
1037623   6
1263364   6
718718   6
520415   6
1023308   6
893029   6
944778   6
538102   6
934583   6
1749087   6
1226871   6
539834   6
1265319   6
793822   6
618595   6
570659   6
988334   6
538298   6
681449   6
1134936   6
961002   6
1478433   6
1211707   6
422579   6
718611   6
523964   6
476086   6
1134223   6
406066   6
1110090   6
1378962   6
618941   6
537589   6
865629   6
1002699   6
906551   6
865061   6
1066916   6
1209311   6
934627   6
865319   6
1096595   6
1223192   6
989577   6
1382589   6
1225070   6
962828   6
791359   6
642328   6
424617   6
653396   6
775033   6
1197343   6
482652   6
935035   6
620940   6
1433927   6
1264958   6
329956   6
720445   6
643111   6
333511   6
1004510   6
1134560   6
1020674   6
1023794   6
1477850   6
619438   6
1038180   6
1122946   6
977269   6
658891   6
949454   6
1004907   6
1003838   6
722047   6
480554   6
962777   6
401796   6
906182   6
634879   6
893989   6
934431   6
456861   6
541049   6
638401   6
583033   6
463625   6
960124   6
961888   6
746670   6
408670   6
907562   6
1025621   6
1038801   6
538322   6
441278   6
1003995   6
1511486   6
944942   6
761302   6
1038098   6
332480   6
522819   6
961320   6
538637   6
1003520   6
805714   6
483636   6
1382669   6
976521   6
750641   6
948884   6
439829   6
374136   6
775399   6
1039178   6
349833   6
1230664   6
791404   6
1066733   6
575572   6
438376   6
903392   6
793141   6
865387   6
1361208   6
1154461   6
1037777   6
1163088   6
876194   6
525071   6
1001713   6
736069   6
991667   6
439946   6
386561   6
1005007   6
536624   6
1039210   6
634200   6
560376   6
680412   6
721364   6
906511   6
1210228   6
1109990   6
660688   6
1196453   6
693021   6
1002357   6
1195498   6
935180   6
350139   6
991698   6
933168   6
1020875   6
779427   6
1279943   6
1053755   6
1038232   6
803936   6
1021582   6
522766   6
779734   6
1225132   6
634604   6
476044   6
791623   6
634126   6
946255   6
1149669   6
1276747   6
638441   6
1228029   6
347892   6
533239   6
835195   6
793180   6
1224753   6
793754   6
403275   6
1265071   6
522343   6
922185   6
681077   6
833661   6
1260273   6
792953   6
1109837   6
652630   6
1005817   6
338152   6
517398   6
803811   6
793125   6
680030   6
677623   6
1149947   6
1006446   6
1478043   6
523141   6
560749   6
1005622   6
1163837   6
790005   6
922453   6
540497   6
1382986   6
1025528   6
483420   6
404428   6
1154283   6
524382   6
572815   6
524196   6
1037658   6
574658   6
775078   6
437594   6
821371   6
976721   6
792593   6
790935   6
934073   6
1094366   6
1006443   6
873662   6
960434   6
906632   6
1278511   6
1493967   6
482824   6
804338   6
1243612   6
1148532   6
793853   6
1134268   6
679779   6
515615   6
456781   6
2101351   6
1345804   6
1448227   6
764342   6
658741   6
933010   6
536030   6
1125009   6
373221   6
1260475   6
523484   6
479073   6
389345   6
524641   6
865547   6
1243653   6
524966   6
517749   6
1260742   6
538586   6
540616   6
959680   6
1209198   6
481949   6
775545   6
932847   6
1038484   6
1004630   6
871603   6
1193702   6
1223990   6
1430499   6
445831   6
1092160   6
1065922   6
651430   6
876211   6
1005059   6
1077755   6
933943   6
515132   6
805887   6
1003856   6
1003064   6
821382   6
316746   6
622458   6
906438   6
1262035   6
894331   6
1262377   6
821688   6
1004957   6
779899   6
523046   6
513751   6
1149980   6
945529   6
945448   6
1003985   6
334658   6
793755   6
638244   6
1382786   6
1278316   6
2749687   6
534171   6
976525   6
976937   6
619787   6
1378794   6
976425   6
962904   6
574725   6
583913   6
517486   6
617359   6
523771   6
524133   6
976685   6
521956   6
991991   6
750935   6
1247477   6
539996   6
850714   6
949441   6
775858   6
426758   6
1150466   6
750171   6
804238   6
476405   6
1003334   6
1196895   6
1382622   6
1349854   6
865160   6
1040071   6
933934   6
779257   6
1367105   6
2102054   6
779172   6
676921   6
480815   6
749100   6
2101422   6
819975   6
1037720   6
1495918   6
560367   6
875355   6
1365506   6
749886   6
791287   6
1068127   6
334575   6
537177   6
439033   6
539830   6
750896   6
515111   6
671660   6
572836   6
977792   6
1210461   6
697469   6
516742   6
804639   6
1002723   6
523974   6
1004618   6
350310   6
1400701   6
959898   6
1038954   6
635985   6
819892   6
793677   6
1280741   6
1247334   6
988782   6
1446958   6
1165334   6
1260374   6
523198   6
1082161   6
1195689   6
677565   6
639382   6
1379662   6
1002198   6
793136   6
779029   6
791455   6
1246969   6
904229   6
583353   6
634773   6
1227221   6
805206   6
793074   6
318275   6
865208   6
524713   6
1040750   6
789877   6
990919   6
538966   6
935548   6
779597   6
1383784   6
790952   6
932803   6
1151022   6
805238   6
792654   6
1109656   6
750443   6
1069250   6
1110067   6
1038120   6
532186   6
779371   6
1195248   6
517493   6
535188   6
1225018   6
403969   6
865104   6
1022220   6
333646   6
775374   6
947425   6
805739   6
906967   6
335326   6
540247   6
779126   6
1277212   6
694458   6
976592   6
934914   6
374232   6
963176   6
1195654   6
524825   6
540691   6
515373   6
1265380   6
849273   6
891392   6
1038310   6
1281541   6
521078   6
1224644   6
595951   6
791214   6
1125452   6
718313   6
1225890   6
1003535   6
404596   6
570567   6
597752   6
1177726   6
538090   6
819764   6
1038263   6
848680   6
751332   6
849524   6
1004936   6
935662   6
598853   6
751015   6
1227857   6
335869   6
537499   6
1209448   6
331582   6
804801   6
934219   6
865213   6
680754   6
1852361   6
1365431   6
988633   6
335845   6
793104   6
1749110   6
907211   6
903250   6
1150532   6
1494687   6
960956   6
426671   6
976809   6
1038284   6
536956   6
1004823   6
483791   6
439412   6
819968   6
521988   6
524896   6
348006   6
517258   6
518907   6
537162   6
642987   6
478225   6
635760   6
1038099   6
366999   6
524091   6
541252   6
1150613   6
550916   6
368286   6
1107730   6
1068076   6
947393   6
873998   6
522080   6
1260848   6
774810   6
1092217   6
1480139   6
2102038   6
538335   6
403259   6
903578   6
1197400   6
516082   6
661780   6
833188   6
1616912   6
619301   6
976489   6
1177995   6
332650   6
902505   6
1193032   6
1067122   6
945464   6
514501   6
519315   6
1054879   6
1448861   6
846935   6
778777   6
439365   6
515131   6
778928   6
670987   6
1378935   6
1178040   6
1383553   6
1429281   6
522797   6
946331   6
334445   6
335310   6
747086   6
1746075   6
945481   6
1222753   6
1180565   6
907523   6
1763989   6
987788   6
537250   6
622890   6
1230771   6
2101848   6
1226533   6
1138417   6
902005   6
1037940   6
988648   6
907660   6
779628   6
894389   6
524237   6
779297   6
1449661   6
791166   6
723209   6
1037775   6
747970   6
821867   6
538308   6
865158   6
524108   6
1065391   6
1148536   6
945313   6
962825   6
865310   6
934769   6
865240   6
476963   6
1110407   6
1193999   6
1265872   6
793164   6
778342   6
751663   6
752250   6
1137956   6
819935   6
821372   6
441720   6
514716   6
1038400   6
539813   6
1225184   6
619415   6
524747   6
1497843   6
1193036   6
1139847   6
959756   6
1162011   6
535029   6
932882   6
1153147   6
1039836   6
1109660   6
790017   6
792852   6
517695   6
987444   6
722021   6
1001275   6
514803   6
336022   6
819791   6
336470   6
2101541   6
718357   6
2101513   6
1111035   6
1230873   6
735012   6
576686   6
1277592   6
443000   6
1225001   6
991743   6
760871   6
976513   6
335260   6
819811   6
959783   6
959755   6
791369   6
819992   6
642682   6
1162926   6
1038408   6
517745   6
805968   6
1148861   6
1004915   6
560220   6
779807   6
1381068   6
1092883   6
438755   6
902140   6
583522   6
1749181   6
316478   6
752508   6
517433   6
316853   6
904160   6
716630   6
1038618   6
944451   6
989049   6
1264671   6
976830   6
1364902   6
334540   6
1193574   6
793988   6
723087   6
1026153   6
1039627   6
976964   6
792645   6
639685   6
538685   6
1399550   6
1193691   6
1260165   6
804279   6
806098   6
427184   6
540972   6
1003481   6
541299   6
1004783   6
403861   6
961900   6
752510   6
635728   6
1279752   6
1261294   6
890831   6
793955   6
1197119   6
1004392   6
1262899   6
1382226   6
1497631   6
962922   6
1379283   6
792739   6
1005599   6
1350350   6
722152   6
903673   6
1480170   6
1023777   6
331996   6
334194   6
2101599   6
792995   6
720753   6
524057   6
834128   6
524878   6
1243193   6
804709   6
1002088   6
760921   6
908780   6
790930   6
821803   6
524815   6
736432   6
516346   6
1037650   6
537755   6
534168   6
1245262   6
515379   6
1246022   6
1381127   6
750203   6
1224549   6
1224595   6
2102138   6
871629   6
871082   6
1197280   6
865201   6
1433691   6
550910   6
961887   6
1066034   6
1005613   6
1395874   6
976495   6
406177   6
333314   6
523937   6
681213   6
818605   6
1003902   6
865165   6
478302   6
992839   6
539802   6
1068748   6
523133   6
805186   6
1260162   6
793552   6
1344669   6
1279214   6
335005   6
1209283   6
514366   6
2102134   6
720135   6
778480   6
517468   6
2102053   6
804268   6
988415   6
1617172   6
1262252   6
960281   6
819896   6
525134   6
1163148   6
833327   6
960105   6
1006558   6
368660   6
524792   6
621270   6
876397   6
1109952   6
751316   6
1478745   6
1162269   6
1037871   6
960276   6
851892   6
524297   6
1246405   6
1002906   6
521133   6
990734   6
864819   6
871023   6
1003872   6
635617   6
1196238   6
961136   6
335141   6
521350   6
332999   6
976993   6
791323   6
1005926   6
807844   6
1005393   6
1038479   6
933770   6
1065584   6
865186   6
1003630   6
1396353   6
1037664   6
356188   6
790971   6
976417   6
1109276   6
659712   6
538767   6
991138   6
1004085   6
961694   6
535568   6
934509   6
779673   6
1244275   6
575013   6
961503   6
1264526   6
426113   6
479750   6
1223475   6
871508   6
977312   6
575082   6
533299   6
976690   6
791827   6
833897   6
733882   6
635009   6
765080   6
513942   6
524211   6
1245960   6
483280   6
1280802   6
537544   6
1382973   6
1005135   6
403917   6
960022   6
976523   6
935266   6
1037575   6
865060   6
519465   6
1378629   6
439726   6
1162298   6
316192   6
2748986   6
1194016   6
477876   6
717197   6
1003046   6
539428   6
1852438   6
778524   6
1040336   6
865159   6
991714   6
523179   6
792939   6
1134484   6
386658   6
522399   6
721080   6
1262054   6
574315   6
1004339   6
1265532   6
779458   6
990780   6
1038288   6
976859   6
1243813   6
573771   6
680334   6
793296   6
2102229   6
1037882   6
1107446   6
976880   6
350349   6
779061   6
1068654   6
533314   6
670560   6
1125569   6
539371   6
779020   6
1400538   6
775452   6
387895   6
805518   6
639277   6
906070   6
870931   6
1261446   6
1279701   6
523000   6
517410   6
516901   6
535389   6
791078   6
976658   6
1382325   6
921936   6
1209881   6
761127   6
313248   6
1125234   6
1110951   6
1383094   6
619690   6
775439   6
1193725   6
333857   6
1227722   6
405832   6
1077484   6
520285   6
439010   6
1001499   7
791346   7
831723   7
1134300   7
977761   7
906947   7
1166739   7
807482   7
806397   7
514368   7
779109   7
520578   7
373922   7
332860   7
805191   7
333124   7
1110310   7
1265180   7
819934   7
1230143   7
1051167   7
833529   7
1210910   7
458442   7
1383721   7
946116   7
750208   7
779350   7
779241   7
865253   7
1260007   7
515685   7
1077603   7
316084   7
1039025   7
976746   7
598387   7
822480   7
851024   7
888954   7
791107   7
762568   7
779069   7
517335   7
849840   7
1078839   7
1096647   7
1026625   7
819808   7
807669   7
751976   7
533085   7
1023630   7
1227319   7
790099   7
1222766   7
1004157   7
481481   7
871479   7
865327   7
718399   7
791719   7
1496850   7
1265093   7
1265332   7
1227505   7
1054943   7
976694   7
1002086   7
1400638   7
333102   7
876471   7
976656   7
1198016   7
1108039   7
1493949   7
1165343   7
902529   7
1226377   7
524616   7
904375   7
976400   7
835161   7
523682   7
723293   7
831669   7
2101725   7
803673   7
538849   7
1038128   7
1247449   7
988523   7
1077557   7
1005961   7
313461   7
778625   7
534886   7
333137   7
331395   7
833435   7
524255   7
1023848   7
537595   7
524294   7
1004969   7
749437   7
517502   7
1178743   7
1038868   7
1246201   7
1230278   7
1350205   7
539519   7
570539   7
314781   7
947448   7
761633   7
833808   7
465093   7
317192   7
779658   7
524976   7
570573   7
1077402   7
637208   7
480219   7
1211293   7
737699   7
1764194   7
516378   7
1005607   7
639797   7
1448539   7
1003448   7
1038390   7
1038309   7
1148762   7
792964   7
1243393   7
681707   7
621690   7
1193529   7
438517   7
374550   7
524751   7
524664   7
791413   7
1225036   7
864827   7
834219   7
478732   7
576761   7
751784   7
1003440   7
407016   7
514823   7
525061   7
517492   7
818383   7
1149163   7
807700   7
1227625   7
791008   7
672060   7
1764215   7
865421   7
535906   7
1178842   7
752516   7
1125878   7
976520   7
948575   7
891170   7
791572   7
791523   7
597143   7
1382454   7
515824   7
574536   7
517579   7
1278854   7
1430286   7
480575   7
720639   7
721157   7
779461   7
791014   7
1383240   7
1135437   7
976705   7
353542   7
989178   7
1005852   7
598292   7
720150   7
762385   7
833286   7
734272   7
1003466   7
1262156   7
385483   7
988962   7
1004699   7
477180   7
406824   7
1261456   7
2101209   7
523706   7
1262774   7
1004727   7
515462   7
517657   7
1495778   7
932717   7
427571   7
1227569   7
535262   7
1107961   7
822692   7
1384125   7
819737   7
538454   7
921930   7
621431   7
517785   7
670834   7
522894   7
332935   7
1433926   7
1092267   7
1226206   7
1276836   7
333486   7
1038429   7
1038464   7
720400   7
960715   7
517230   7
2102077   7
407176   7
1040265   7
1134310   7
678733   7
387263   7
640096   7
1066291   7
351007   7
620311   7
523435   7
934641   7
524798   7
518951   7
1281416   7
1162974   7
961409   7
386989   7
804732   7
538325   7
933489   7
804680   7
1380996   7
894451   7
988745   7
1001803   7
962853   7
1162895   7
660623   7
1511542   7
373295   7
765355   7
792616   7
821937   7
1005058   7
1150462   7
775189   7
721395   7
1228159   7
1077738   7
1247525   7
334464   7
976734   7
1281405   7
805401   7
1278317   7
536591   7
1005031   7
442332   7
1138971   7
764395   7
481867   7
747208   7
459075   7
890802   7
1068845   7
1263413   7
540395   7
1162935   7
821962   7
819839   7
1229575   7
804191   7
976640   7
935316   7
989694   7
1003885   7
1095167   7
804247   7
540229   7
779706   7
1077423   7
779385   7
1401003   7
464393   7
1383182   7
1003235   7
407165   7
1262548   7
330537   7
334527   7
1447730   7
718194   7
1001433   7
1382224   7
793195   7
407267   7
642972   7
894470   7
680058   7
524656   7
822540   7
517752   7
750284   7
818508   7
833510   7
805390   7
1003203   7
775473   7
1003858   7
681433   7
560085   7
871598   7
1265881   7
1383781   7
533117   7
1432976   7
1247907   7
334876   7
637810   7
523567   7
483714   7
1264659   7
775165   7
559816   7
560066   7
1020807   7
804519   7
1037547   7
353040   7
976876   7
779928   7
818620   7
550614   7
1005619   7
391084   7
534215   7
1383759   7
749718   7
819851   7
1265525   7
835496   7
335256   7
992391   7
805946   7
1211588   7
468297   7
522927   7
514888   7
1382235   7
1383669   7
748615   7
538077   7
541226   7
597026   7
834976   7
518970   7
1210206   7
577135   7
1227270   7
902646   7
775550   7
1005834   7
850980   7
1066907   7
517721   7
539693   7
537797   7
1038423   7
692582   7
1210076   7
1350040   7
522945   7
1332649   7
1379732   7
518706   7
1023593   7
961142   7
793158   7
1364394   7
524644   7
537509   7
809168   7
671688   7
1246432   7
804492   7
368485   7
1228231   7
875975   7
865336   7
329551   7
989281   7
332866   7
1193957   7
1222787   7
404586   7
539108   7
1429357   7
1006182   7
1005694   7
865047   7
524812   7
792673   7
334677   7
524978   7
696374   7
818229   7
961023   7
822414   7
617197   7
482719   7
519291   7
373019   7
516049   7
515505   7
847035   7
1005830   7
821075   7
539087   7
635510   7
775073   7
976602   7
775470   7
1226574   7
821786   7
2102253   7
1195723   7
735790   7
1211308   7
374897   7
525184   7
976450   7
349446   7
790431   7
822889   7
780075   7
790926   7
1265317   7
560871   7
959727   7
1400576   7
793122   7
793029   7
959937   7
822463   7
778391   7
1123011   7
803785   7
750674   7
976684   7
976455   7
519583   7
1125013   7
790148   7
818542   7
907047   7
621671   7
313842   7
1077745   7
652935   7
933897   7
960600   7
1278245   7
1446244   7
1223549   7
819907   7
515317   7
439481   7
1384195   7
976758   7
1195838   7
534015   7
477770   7
821992   7
426150   7
599134   7
350912   7
1108013   7
524141   7
643707   7
1006507   7
734946   7
1024791   7
933012   7
331424   7
681768   7
791607   7
819970   7
515611   7
819930   7
1429022   7
1021054   7
1430006   7
719429   7
1261819   7
719964   7
793177   7
514051   7
523155   7
676912   7
1153785   7
779345   7
822906   7
539324   7
748869   7
1065480   7
1400935   7
642427   7
539536   7
516749   7
803724   7
1227154   7
805980   7
988520   7
1177953   7
1400777   7
749367   7
778633   7
517425   7
354281   7
976844   7
1497580   7
560009   7
517318   7
791776   7
1020877   7
808029   7
1107479   7
476216   7
402319   7
791266   7
329775   7
1195037   7
1247224   7
990556   7
793166   7
317222   7
934460   7
597530   7
695452   7
1224454   7
350787   7
524842   7
793006   7
517242   7
976667   7
945667   7
1247515   7
1149790   7
1038208   7
335544   7
1230178   7
804310   7
1004301   7
336183   7
406138   7
1005769   7
1210371   7
540283   7
819831   7
536606   7
538114   7
1247968   7
351305   7
907725   7
678913   7
720387   7
692690   7
778696   7
976902   7
532659   7
331144   7
1383772   7
789847   7
479777   7
483006   7
934097   7
922327   7
583769   7
1225990   7
935589   7
805835   7
748463   7
1038856   7
820899   7
1383835   7
617437   7
1383601   7
834512   7
1004045   7
791067   7
540816   7
791985   7
1350086   7
401641   7
1227534   7
805408   7
1263525   7
521952   7
1227431   7
860231   7
1226703   7
921690   7
960465   7
976885   7
1148547   7
1148828   7
441164   7
1123015   7
1040323   7
1746193   7
516928   7
520373   7
752234   7
805218   7
517456   7
402354   7
1447896   7
803834   7
921488   7
935203   7
988794   7
514929   7
791432   7
1279508   7
354859   7
336703   7
905765   7
333483   7
331435   7
1162959   7
442436   7
520508   7
1092146   7
334835   7
1093058   7
836511   7
1107454   7
536565   7
873943   7
1230752   7
571334   7
619279   7
517620   7
479711   7
518875   7
1378509   7
637059   7
575285   7
792597   7
1382673   7
1003218   7
988801   7
851648   7
1004955   7
721466   7
1230868   7
1005886   7
1005022   7
865362   7
521233   7
1077610   7
1005078   7
636923   7
349266   7
820086   7
423026   7
403654   7
335781   7
988556   7
818271   7
1004953   7
518931   7
791784   7
822819   7
406863   7
1109498   7
1003405   7
1224917   7
520098   7
1230698   7
520277   7
792563   7
849182   7
734149   7
1380433   7
1384169   7
792998   7
921656   7
516758   7
478373   7
1282320   7
560781   7
514016   7
1210084   7
517797   7
934450   7
1002471   7
1331769   7
749994   7
1077617   7
1005904   7
333818   7
1382651   7
1039234   7
517328   7
1005045   7
1037771   7
961400   7
1382015   7
1382780   7
933700   7
536287   7
1005132   7
779373   7
520244   7
541231   7
819872   7
1345955   7
2101337   7
1005664   7
1495812   7
976648   7
1345616   7
1224502   7
1003901   7
1107584   7
634855   7
1109733   7
523934   7
1109863   7
1195881   7
534227   7
960128   7
403578   7
1003332   7
401306   7
733533   7
1003044   7
960741   7
1038880   7
1107751   7
517450   7
1150897   7
517728   7
1224697   7
1003049   7
779672   7
621720   7
677460   7
765039   7
1040517   7
1004638   7
894582   7
961617   7
367954   7
374298   7
1038883   7
775234   7
1037884   7
517448   7
476970   7
438799   7
1082018   7
519562   7
480924   7
1383330   7
1177991   7
1021151   7
515590   7
1064754   7
1037975   7
336021   7
524748   7
536534   7
636172   7
821944   7
522029   7
933769   7
778529   7
846947   7
368542   7
334553   7
520708   7
976934   7
313534   7
1193633   7
791160   7
639263   7
1193218   7
517338   7
976704   7
598801   7
523460   7
807512   7
960066   7
1247849   7
803854   7
335436   7
1002370   7
374302   7
871154   7
516984   7
1004862   7
864447   7
1125106   7
1123007   7
334713   7
834225   7
1107745   7
870856   7
871122   7
1038304   7
516714   7
619958   7
480732   7
976760   7
1279123   7
519076   7
1223764   7
524848   7
1314895   7
820441   7
976981   7
519404   7
532703   7
865378   7
523990   7
657946   7
1149675   7
640195   7
1038979   7
747976   7
907309   7
622920   7
522799   7
519986   7
871045   7
778733   7
1366423   7
960718   7
722797   7
1227792   7
1109616   7
792867   7
960604   7
779918   7
1077563   7
535258   7
637072   7
400720   7
520324   7
976436   7
1077551   7
1039348   7
1091798   7
1430524   7
535320   7
1038815   7
482245   7
846790   7
1038959   7
718087   7
806802   7
620068   7
791944   7
792615   7
1040404   7
961033   7
406190   7
446084   7
484191   7
791849   7
464134   7
778680   7
642511   7
1105806   7
1077547   7
846785   7
520173   7
367026   7
520714   7
865299   7
1092501   7
792996   7
961868   7
922316   7
335452   7
535044   7
476127   7
1004819   7
1037920   7
871232   7
353114   7
1038449   7
873940   7
891364   7
1382381   7
831850   7
519912   7
1209286   7
818194   7
1077648   7
1197070   7
831668   7
515470   7
1222968   7
407708   7
1383143   7
520908   7
860266   7
1210238   7
821851   7
1077867   7
1039990   7
775144   7
987445   7
534184   7
846033   7
1110364   7
818894   7
1107685   7
1038558   7
335924   7
791896   7
872058   7
521021   7
519991   7
747923   7
1005758   7
791872   7
791758   7
808846   7
521641   7
1107314   7
1383596   7
1149003   7
1125615   7
1162830   7
960117   7
517500   7
1038842   7
520150   7
518856   7
779429   7
1448001   7
1077480   7
976890   7
792988   7
513915   7
334467   7
1004845   7
779426   7
792656   7
514319   7
834953   7
723318   7
793529   7
1005806   7
1222578   7
793020   7
334682   7
1005084   7
387840   7
792914   7
1279000   7
519438   7
532880   7
1227976   7
1227544   7
535777   7
1077532   7
1038704   7
760857   7
792016   7
515500   7
517641   7
1038690   7
538218   7
1005404   7
1125099   7
367377   7
518767   7
1227989   7
517326   7
640532   7
403623   7
1004099   7
1004868   7
1038789   7
2102165   7
635526   7
860168   7
1005668   7
541305   7
774935   7
1227243   7
1005479   7
535310   7
536637   7
793134   7
560555   7
1005811   7
517589   7
368571   7
1002453   7
1350327   7
515483   7
518895   7
1227468   7
533794   7
870828   7
1247611   7
533847   7
518880   7
865330   7
560499   7
520056   7
535538   7
1107846   7
516843   7
821017   7
822470   7
518977   7
524932   7
1040166   7
1039155   7
832825   7
847201   7
1449999   7
1038996   7
1382644   7
1094784   7
1077687   7
515735   7
521882   7
1077503   7
791106   7
1224764   7
1383858   7
536523   7
836398   7
720411   7
1038945   7
2101335   7
790029   7
1023725   7
865300   7
337692   7
518860   7
847196   7
519375   7
1248365   7
935514   7
1005812   7
1382413   7
960487   7
1224217   7
517625   7
791140   7
803875   7
1004859   7
518916   7
516646   7
520300   7
518971   7
820170   7
1224259   7
793009   7
1005861   7
334181   7
871047   7
1005791   7
517467   7
518785   7
1005991   7
1248131   7
1244161   7
1005928   7
775226   7
1005857   7
1195446   7
870855   7
818486   7
475063   7
720866   7
1122937   7
1040259   7
1222665   7
519512   7
536543   7
533604   7
536663   7
535257   7
387455   7
482571   7
404103   7
961070   7
517772   7
636517   7
1108042   7
775403   7
1077477   7
791901   7
1107386   7
1005832   7
517705   7
1227434   7
521046   7
524703   7
479775   7
1195917   7
1005838   7
518979   7
1077666   7
535634   7
518812   7
1077761   7
437239   7
520117   7
847445   7
521117   7
846329   7
518990   7
1005579   7
524846   7
1077645   7
521019   7
1227633   7
1227378   7
518896   7
845994   7
1005901   7
518969   7
847339   7
518754   7
846613   7
849466   7
1003047   7
846894   7
520197   7
1077517   7
846452   7
820236   7
1005990   7
849492   7
846924   7
1005717   7
849489   7
1005953   7
1005968   7
818743   7
849038   7
846353   7
846160   7
846978   7
