846160   1
820434   5
849103   4
846353   1
848613   4
846978   1
847332   5
847300   5
846924   1
846452   1
818743   1
1005857   0
1005802   3
1005968   1
1005901   1
1005990   1
1005953   1
1005899   3
620243   5
1005717   1
1005837   3
521046   0
518990   1
518979   0
518988   4
518896   1
521019   1
520353   3
519512   0
520197   1
521117   1
518969   1
518754   1
518913   3
520117   1
518812   1
963217   4
1003047   1
963216   3
961070   1
960606   2
960487   1
961975   2
619095   3
618975   2
619519   4
619105   4
478158   3
533961   4
535634   1
535030   3
536520   3
536592   4
535934   4
535257   1
533799   5
536663   1
536543   1
1108042   1
1107846   1
1107386   0
1107566   3
1107551   2
400635   4
389562   4
1125099   1
389987   3
1040661   3
1040154   3
1077517   1
1040166   1
1077458   3
1077761   1
1077712   3
1077503   1
1077557   0
1040887   3
1077687   0
1077399   4
1077501   3
1040596   4
1077532   1
1077666   1
1040259   1
1040230   3
1077529   4
1077734   3
1077645   1
1077477   1
1077628   5
1077767   5
1077424   4
1244161   1
1247611   1
1248131   1
640532   1
637211   4
637017   2
636618   4
636517   1
1228255   5
1227749   3
1227468   1
1227378   1
1227989   0
1227730   3
1227446   3
1227544   1
1227976   1
1228117   4
1227434   1
1227243   1
1227964   3
1227794   3
1227633   1
1227418   5
1227239   3
1224764   1
1400848   5
1430219   5
1449999   0
1449868   3
723318   1
749109   2
734278   3
722797   0
775403   1
775226   1
775309   5
790029   1
775297   3
598561   2
774935   1
775197   5
775144   1
482571   1
479775   1
459497   3
475063   1
482206   5
463982   3
479543   3
459718   5
792846   5
792656   1
791758   1
793134   1
793009   1
791896   0
791872   0
792016   1
792914   1
792988   1
791901   1
793039   4
792960   3
792867   1
1382621   5
1382413   1
1314895   1
1382197   3
1265881   0
1380433   0
1382381   1
1332871   3
1346255   4
1226115   3
1195602   3
1382644   1
1382015   0
1381903   4
1247764   5
834976   1
834953   0
933757   3
934543   4
934450   1
835372   3
865299   1
806093   3
560899   3
560555   1
865300   1
821944   1
821851   1
560499   1
822470   1
560901   3
560431   3
831853   4
831850   1
832825   1
818194   0
831751   4
803875   1
818486   1
803854   1
831668   1
1004868   1
1004819   1
1004859   1
1005084   1
1005668   1
1004845   1
1005145   4
1005637   3
1005138   3
519074   3
517763   3
517641   1
517589   1
517456   1
518682   4
517757   3
516843   1
517705   1
517326   1
519375   1
517625   1
516984   1
517620   1
517556   3
516714   1
516594   3
516646   1
517500   1
517428   3
516569   3
519076   0
517772   1
517467   1
387455   1
368082   4
368571   1
353114   1
349430   4
335555   4
368442   3
367377   1
335828   4
335551   4
374302   0
367133   3
368514   3
367026   1
335808   3
337692   0
335781   1
335452   0
335768   5
335436   1
935643   3
922316   1
366999   0
944340   5
935514   1
960079   3
944304   5
368542   0
959909   2
2101337   0
2101335   1
2102165   1
2102061   3
2101885   3
524644   0
532880   1
524848   1
532703   1
524391   5
524846   1
524845   3
524351   3
400531   4
1067050   4
1097079   2
1065847   4
1094784   0
1065669   5
1064754   0
1066710   4
1038959   1
1038842   1
1039155   1
1038690   1
1038921   3
1039990   1
1038883   1
1023725   1
1038880   0
1039348   1
1038996   0
1038875   5
1038704   0
1002453   1
1038979   0
1038815   1
1038945   1
1195684   4
1230698   0
1195775   4
1225780   2
871232   1
765039   1
696896   3
681810   5
832342   5
657946   1
334181   1
596247   3
1223764   1
1224496   5
1223761   3
1224492   3
597257   3
1223739   3
1211398   3
1224454   1
597372   5
596455   3
1222665   1
596813   4
596643   3
597159   3
1222578   1
1224259   1
597157   5
1222968   1
597004   5
1222894   3
1383594   4
1396864   3
406747   3
407674   4
1384195   1
1383143   1
1383865   2
407582   5
1383115   2
1383596   1
1383858   1
720866   1
721466   1
718087   1
1279000   1
598801   0
1350327   0
1279123   1
598072   4
1278248   2
1278753   3
1278245   1
597530   1
597616   4
1278569   3
437239   1
406190   1
426173   5
406863   0
407703   3
441164   1
438799   1
407117   4
407600   5
779918   1
779196   4
791140   1
779057   3
779672   1
779429   1
791106   1
779426   0
1195917   1
1179412   5
1162896   3
876696   3
1195446   1
1139544   4
1053953   4
1162792   5
1153720   4
903245   3
1162727   3
1177854   4
1195881   1
1123007   1
1177991   1
1162830   0
1122937   1
819760   4
894582   1
819734   5
819789   3
819928   4
819851   1
834600   4
805986   5
560115   3
805980   1
541305   0
541156   3
540946   4
541140   4
560372   3
541231   1
808846   1
350489   5
808692   0
806802   1
350927   3
808049   1
808029   1
350787   1
1004409   3
989776   3
1004099   1
990152   3
990556   1
1004124   3
990960   3
515926   3
515835   2
516294   4
515470   1
516004   2
515500   1
517242   1
515483   1
517227   4
515860   5
515590   1
515361   5
515735   1
516471   4
515611   1
959862   5
959860   2
959820   2
903231   3
959695   3
948910   3
1109733   1
1109616   1
2102050   3
1082018   1
1037975   1
1038558   1
2101997   5
1110364   0
1109863   1
523831   4
524982   3
524703   1
523934   1
524932   1
524759   3
524656   0
523990   1
523876   5
524067   3
524748   1
524191   5
1068748   0
1053922   4
1066981   4
1077867   1
1068714   2
1078999   4
621720   1
1002759   4
1002370   0
1002364   3
1020580   5
1002830   5
1002668   4
1020649   3
1001588   5
374298   1
387840   1
635981   3
388693   3
618120   3
576062   3
620773   3
574757   3
618692   4
622732   4
440614   3
372899   5
598176   3
400761   3
582093   4
620068   0
423026   1
1210238   1
1209286   1
1210036   5
1223549   1
1224217   1
1210259   4
1382235   0
1382096   3
403578   1
407708   1
1382782   2
404586   0
403654   1
403623   0
1383390   3
719120   2
720411   1
719964   1
719360   2
719193   2
720190   4
692690   1
719429   0
1279508   1
318539   4
403935   3
400720   1
404103   1
403755   3
538218   1
402270   3
406138   1
538578   5
538320   5
536961   3
538114   1
537797   1
537509   1
536913   3
777834   4
778680   0
777536   4
778476   3
777568   3
778733   1
778391   1
778696   1
778529   1
871947   3
871756   3
807658   4
807512   1
747976   1
871154   1
860266   0
872058   1
849182   1
860231   1
851648   1
870856   0
818229   1
870855   1
317222   1
846947   1
748463   1
871047   1
846935   1
790431   1
805411   3
819722   3
805390   1
790062   3
789847   1
820086   1
819970   1
819796   3
819872   1
805408   1
539525   3
539087   0
539324   0
539055   3
540358   5
539536   1
539108   1
988520   1
992105   2
989093   4
988556   1
992031   4
991488   4
988801   0
988794   1
976981   1
976934   1
976978   3
976930   3
514386   2
514016   1
514004   3
513915   1
907725   1
514319   1
514051   1
891364   1
902951   5
870828   1
871695   1
864447   1
902269   3
891219   3
871122   1
875880   5
871045   1
1038333   3
1037920   1
1038386   3
1037652   4
1038304   1
1037884   1
1038416   4
1037771   1
1038449   1
1037686   3
523150   5
521350   0
521132   5
521720   5
522398   5
521648   5
521479   5
522029   1
521952   1
523460   1
522368   3
521641   1
521882   1
1024791   1
1003901   1
976760   1
1003892   4
976758   1
1003858   1
1050526   3
987445   1
1001364   3
576361   3
482719   1
573953   3
573898   4
987791   5
481915   4
1195358   5
1181707   4
1195037   0
1154002   3
317871   4
316441   5
634781   4
334712   3
332940   5
331144   1
350912   1
334682   0
317686   5
313884   5
634957   3
330805   4
318867   3
334467   1
316763   3
635510   1
1193443   3
1193180   3
1196445   2
1196439   2
1193633   1
1197111   5
1193218   0
1150897   1
1149877   3
1193468   3
1197070   1
1193680   3
1150770   3
1149790   1
1379900   3
1378509   1
1281405   1
1366423   1
1282320   1
1365095   3
1380996   1
1364755   3
1378629   1
1329349   3
1264951   4
680284   5
680584   3
653231   4
680058   1
678649   2
680298   5
643707   1
669703   3
642972   1
652935   1
329551   0
1276836   0
1277623   3
329775   1
1277168   3
330537   1
1497623   4
1511542   1
1497580   1
764568   4
762309   3
752234   1
764395   0
750284   0
720387   1
695452   1
677460   0
720629   3
681768   1
422226   4
317328   4
313842   1
314112   3
316867   3
426150   1
334798   3
1749974   3
349266   1
335924   1
334713   1
334351   4
334225   3
332935   0
335040   4
334176   3
332941   4
333908   3
1746311   3
337797   3
334925   3
333818   1
335256   0
332860   1
333483   1
1749980   3
976916   3
976879   3
976791   4
935203   1
976902   1
935181   4
976890   1
976885   1
935171   4
945526   3
945667   1
865378   1
907486   4
905765   1
865426   3
865364   3
907309   1
865362   0
865330   1
907260   3
873807   3
874189   3
860168   0
873943   0
876010   3
860885   4
875572   4
875296   2
875051   3
1038124   3
1038042   3
1022045   3
620800   3
522799   1
520876   5
520708   1
522876   4
520508   1
521233   1
520740   5
520613   4
521222   4
520908   1
523155   1
520714   1
976704   1
976667   1
976489   0
976697   2
976659   3
976483   3
976436   1
1003470   4
976602   1
1003466   1
1003405   0
1003332   0
976648   1
1003448   1
976455   1
1003218   1
619998   3
476216   1
481224   4
572121   5
476970   1
481675   5
478373   1
480924   1
480732   1
572018   2
480682   2
1139077   3
1125615   1
635274   4
1149138   3
1148836   4
1148828   0
1148891   3
1149003   1
1149675   1
1093058   1
1092018   5
1148547   1
1148463   4
1092877   2
1092501   0
1148798   4
1092146   1
1264659   1
1245329   3
1265347   3
1265525   1
1263770   3
1263525   1
1244627   4
336183   1
335946   5
642577   3
642342   4
643603   2
642427   1
336703   1
1261370   3
1261528   4
1230178   1
1260230   4
1261819   1
1229575   1
1260116   3
1230140   3
1229766   5
1448001   1
1477949   5
1477668   5
1477073   5
1446589   3
1447284   3
1448206   2
1479941   5
1478461   4
334464   0
335077   5
737699   0
334677   1
334553   1
334835   1
597026   1
570994   5
303581   3
596534   3
303438   3
581712   2
639586   5
634855   1
671364   3
642511   1
635526   1
570539   0
653582   3
313534   1
793166   0
792996   1
791784   0
791607   1
793529   1
793020   1
793006   1
791432   1
793122   1
792998   1
1495812   1
1383367   3
331435   1
1495778   1
1382780   1
1383150   5
1447896   1
1383669   1
1382758   3
1383330   0
331512   3
1447730   1
1384169   0
1383322   5
1382311   3
331395   0
1383601   1
1430527   5
1383744   3
330427   3
946187   4
599101   4
934800   4
616626   3
934892   3
599134   1
617627   4
617281   3
865047   1
821676   3
865166   4
865140   4
656654   5
532659   1
536577   5
534015   1
818508   1
747208   0
734101   3
720400   1
717197   0
696374   1
681236   4
876033   3
873940   1
860360   4
642394   3
643902   3
638739   4
637338   3
637291   3
636695   5
638302   5
622920   1
635530   4
621883   1
619970   3
617197   1
620311   1
617437   1
622383   4
619958   1
618824   3
597280   3
598060   3
583769   0
596447   5
598824   5
596348   5
598146   4
580753   5
573770   5
575285   1
493658   4
571334   1
493212   4
481362   2
482602   4
483006   1
482369   3
481146   4
481507   4
481867   0
475840   4
472801   3
464134   1
463860   4
456249   4
458513   4
446084   1
444918   3
426172   4
437213   3
426010   5
418952   4
406897   3
403071   3
354859   0
354601   3
334876   1
338152   1
336325   3
334132   3
336021   1
331646   3
331424   1
330613   3
315913   5
775189   1
779373   1
760857   1
805218   1
945014   4
805835   1
834225   1
