846160  0.388  0.329  0.69  0.9  0.626  0.621  0.399  0.37
820434  -0.296  -0.503  -0.454  -0.868  -0.721  -0.918  -0.486  -0.582
849103  -0.246  -0.935  -0.277  -0.175  -0.278  -0.075  -0.236  -0.417
846353  0.769  0.929  0.977  1.095  1.058  0.864  0.689  0.492
848613  -0.365  -0.76  -0.305  -0.293  -0.364  -0.155  -0.472  -0.606
846978  0.858  1.134  0.95  1.806  1.384  1.414  1.169  1.146
847332  -0.029  -0.018  -0.285  -0.813  -0.974  -0.936  -0.607  -0.514
847300  0.337  0.067  -0.762  -2.677  -2.772  -3.67  -1.356  -1.443
846924  0.552  0.743  0.581  1.027  0.754  0.596  0.712  0.506
846452  0.552  0.471  0.542  0.878  0.804  0.584  0.704  0.464
818743  1.013  1.316  1.225  1.81  1.203  0.929  1.279  0.9
1005857  0.505  0.473  -0.178  -0.394  0.296  0.322  0.826  0.211
1005802  -0.119  -0.464  -0.61  -0.773  -0.525  -0.381  -0.023  -0.275
1005968  0.737  1.638  1.625  2.565  1.437  0.702  0.828  0.669
1005901  0.339  0.461  0.54  0.971  0.978  0.576  0.39  0.144
1005990  0.901  1.238  0.988  1.431  1.015  0.885  0.92  0.636
1005953  0.743  1.093  1.144  2.094  1.553  1.014  1.385  0.937
1005899  -0.745  -0.861  -1.039  -1.13  -0.496  -0.639  -0.153  -0.093
620243  -0.133  -0.309  -0.249  -1.195  -0.271  -0.591  -0.801  -0.977
1005717  0.907  1.411  1.397  1.883  1.823  0.97  1.115  0.54
1005837  -1.413  -2.145  -2.344  -2.355  -1.46  -1.735  -1.228  -1.125
521046  0.404  0.389  1.55  1.109  -0.083  0.342  0.335  -0.041
518990  0.583  0.604  0.664  0.65  0.853  0.573  0.846  0.423
518979  0.422  0.405  1.606  1.222  -0.071  0.467  0.402  -0.045
518988  -1.064  -1.48  -1.282  -1.173  -0.656  -0.735  -0.269  -0.297
518896  0.495  0.768  0.563  1.198  1.018  0.619  0.947  0.498
521019  0.286  0.5  0.55  1.49  1.533  0.643  0.561  0.193
520353  -0.167  -0.543  -0.713  -0.633  -0.179  -0.164  0.025  -0.027
519512  0.513  0.683  0.602  0.731  0.417  0.26  0.15  0.295
520197  0.665  1.174  1.24  1.903  1.463  0.922  1.225  0.551
521117  0.635  0.613  0.585  1.022  0.864  0.556  0.789  0.462
518969  0.783  1.091  0.595  1.375  1.075  0.76  0.917  0.434
518754  0.576  0.932  0.555  1.517  1.406  1.018  0.872  0.763
518913  0.156  -0.021  -0.986  -2.114  -0.843  -0.83  -0.412  -0.163
520117  0.512  0.977  0.509  1.063  0.846  0.599  0.77  0.501
518812  0.527  0.582  0.623  1.019  1.157  0.655  0.694  0.335
963217  -0.278  -0.734  -0.32  -0.24  -0.173  -0.162  -0.413  -0.524
1003047  1.225  1.424  0.92  1.68  1.258  0.774  1.076  0.939
963216  -0.457  -0.255  -0.757  -1.745  -0.811  -0.759  -0.311  -0.236
961070  0.267  0.34  0.643  0.654  0.868  0.695  0.651  0.379
960606  -0.957  0.069  -0.074  -0.218  -1.061  -0.564  -1.128  -0.459
960487  0.017  0.277  0.328  0.689  0.773  0.481  0.875  0.26
961975  -0.471  0.497  0.166  0.144  -0.511  -0.185  -0.851  -0.094
619095  -1.784  -1.512  -2.61  -2.437  -1.299  -1.193  -0.297  -0.154
618975  -0.494  0.206  0.094  0.113  -0.516  -0.193  -0.821  -0.101
619519  -0.52  -0.678  -0.535  -0.545  -0.761  -0.427  -0.347  -0.245
619105  -0.324  -0.748  -0.318  -0.277  -0.332  -0.147  -0.539  -0.634
478158  -0.327  -0.579  -0.701  -1.374  -0.96  -0.7  -0.336  -0.395
533961  -0.602  -1.025  -0.363  -0.387  -0.261  -0.325  -0.115  -0.507
535634  0.597  0.777  0.829  1.326  0.919  0.652  0.859  0.485
535030  -0.319  -0.688  -0.921  -1.474  -0.518  -0.427  -0.204  -0.156
536520  -0.082  -0.114  -0.695  -0.793  -0.025  -0.571  -0.098  -0.222
536592  -1.848  -2.501  -1.11  -1.022  -0.445  -0.223  -0.0090  -0.582
535934  -1.055  -1.55  -0.12  0.706  0.95  0.437  0.352  0.252
535257  0.473  0.563  0.731  1.208  0.938  0.584  0.66  0.427
533799  0.0080  -0.058  -0.31  -0.737  -0.597  -0.307  -0.631  -0.826
536663  0.618  0.757  0.837  0.876  1.246  0.334  0.593  0.331
536543  0.761  0.787  0.904  0.815  1.31  0.22  0.491  0.32
1108042  0.84  0.764  0.69  0.951  0.733  0.605  0.845  0.591
1107846  0.286  0.431  0.52  0.755  0.764  0.22  0.271  0.484
1107386  1.232  1.123  1.111  1.28  0.768  0.303  0.32  0.076
1107566  0.0080  -0.36  -0.834  -0.547  -0.318  -0.412  -0.157  -0.272
1107551  -0.899  0.034  -0.064  -0.158  -0.982  -0.423  -1.032  -0.447
400635  -0.839  -0.616  -0.201  -0.175  -0.024  -0.395  -0.299  -0.288
389562  -0.267  -0.713  -0.414  -0.315  -0.388  -0.175  -0.391  -0.515
1125099  0.43  0.18  0.328  0.802  0.338  0.378  0.465  0.27
389987  -0.134  -0.55  -1.345  -2.879  -1.107  -1.399  -0.854  -0.941
1040661  -0.188  -0.754  -0.755  -0.995  -0.671  -0.637  -0.534  -0.762
1040154  -1.221  -1.879  -1.85  -2.196  -1.237  -1.269  -1.124  -1.03
1077517  0.893  1.605  2.047  3.759  2.316  1.601  1.955  1.469
1040166  0.369  0.046  0.563  0.719  0.796  0.699  1.092  -0.091
1077458  -0.0010  -0.531  -1.454  -3.109  -1.832  -2.056  -1.603  -1.079
1077761  0.654  1.151  1.26  1.691  1.29  0.752  1.316  0.669
1077712  -0.482  -0.863  -0.994  -1.342  -0.513  -0.472  -0.152  -0.254
1077503  0.59  0.363  0.597  0.631  0.794  0.579  0.586  0.447
1077557  0.81  0.703  0.135  -0.373  -0.162  -0.111  -0.028  -0.232
1040887  -0.281  -0.546  -0.913  -0.943  -0.313  -0.76  -0.532  -0.262
1077687  0.374  0.881  0.885  0.497  0.467  0.6  0.929  -0.147
1077399  -0.63  -0.917  -0.666  -1.014  -0.413  -0.398  -0.265  -0.242
1077501  0.133  -0.163  -0.928  -1.042  -0.47  -0.514  -0.275  -0.294
1040596  -0.88  -1.096  -0.42  -0.28  -0.042  -0.256  0.0050  0.039
1077532  -0.042  -0.079  0.354  0.634  1.008  0.473  0.605  0.601
1077666  0.751  1.171  1.014  1.335  1.127  0.796  1.407  0.947
1040259  0.595  0.749  1.172  1.083  0.819  0.767  0.861  0.445
1040230  -0.051  -0.569  -1.857  -2.626  -0.878  -0.844  -0.488  -0.454
1077529  -0.524  -0.975  -0.832  -0.183  -0.502  -0.234  -0.221  -0.4
1077734  -0.414  -0.812  -1.396  -1.91  -0.629  -0.997  0.083  -0.076
1077645  0.683  1.543  2.267  2.954  1.419  0.592  0.771  0.364
1077477  0.482  0.784  1.085  1.625  1.456  1.076  0.727  0.229
1077628  -0.534  -2.064  -2.37  -2.666  -2.784  -1.672  -1.268  -4.936
1077767  -0.079  -0.154  -0.9  -1.047  -1.489  -0.456  -0.586  -0.653
1077424  -0.496  -1.7  -1.564  -1.311  -0.741  -0.43  -0.606  -1.872
1244161  0.764  0.775  0.638  1.577  0.822  0.802  1.081  0.302
1247611  0.55  0.535  0.545  0.708  0.976  0.637  0.588  0.162
1248131  0.698  0.567  0.746  1.445  1.213  0.695  0.94  0.463
640532  0.497  0.524  0.569  0.778  0.607  0.503  0.434  0.234
637211  -0.081  -0.937  -0.999  -0.444  -0.627  -0.57  -0.2  -0.534
637017  -0.607  0.258  0.01  0.0030  -0.709  -0.294  -0.943  -0.216
636618  -0.23  -0.793  -0.421  -0.192  -0.623  -0.178  -0.626  -0.64
636517  0.843  1.072  0.805  1.373  1.069  0.655  1.171  1.005
1228255  0.936  0.735  -0.018  -0.356  -0.17  -0.476  -0.307  -0.71
1227749  -0.232  -0.844  -0.819  -0.718  -0.298  -0.957  -0.111  -0.016
1227468  0.482  0.643  0.549  0.937  0.76  0.56  0.56  0.302
1227378  1.394  1.54  1.769  2.569  1.923  1.764  1.293  0.466
1227989  0.665  0.977  0.936  0.57  0.43  0.074  0.386  0.218
1227730  -0.297  -1.055  -0.902  -0.853  -0.182  -0.933  -0.146  0.057
1227446  -0.103  -0.262  -0.423  -0.741  -0.293  -0.36  -0.225  -0.124
1227544  0.515  0.402  0.263  0.905  0.666  0.347  0.246  0.823
1227976  0.327  0.302  0.385  0.632  0.804  0.498  0.733  0.474
1228117  -1.952  -1.925  -1.577  -1.628  -0.62  -1.02  -0.285  -0.595
1227434  0.764  1.15  1.278  1.948  1.75  1.048  0.798  0.343
1227243  0.492  0.558  0.616  0.831  0.711  0.527  0.559  0.361
1227964  -0.231  -0.568  -0.738  -0.821  -0.179  -0.303  -0.016  -0.091
1227794  -0.215  -0.388  -0.964  -1.298  -0.724  -0.675  -0.512  -0.455
1227633  0.724  1.552  1.244  2.53  2.155  2.284  1.747  1.006
1227418  0.121  -0.0040  -0.013  -0.142  -0.946  -0.966  -0.795  -1.191
1227239  -0.069  -0.189  -0.503  -0.723  -0.389  -0.265  -0.165  -0.099
1224764  0.036  -0.408  0.692  1.61  1.396  0.517  0.977  1.062
1400848  0.543  -1.262  -1.007  -0.095  -1.879  -0.281  -1.399  -0.399
1430219  -0.205  -0.134  0.065  -0.736  -1.022  -0.218  -0.225  -0.066
1449999  0.848  1.713  0.424  1.187  0.51  0.695  0.271  0.0060
1449868  -0.079  -0.467  -0.715  -0.524  -0.152  -0.037  -0.193  -0.098
723318  0.254  0.294  0.574  1.071  1.01  0.696  0.339  -0.023
749109  -0.831  0.037  -0.032  -0.134  -0.965  -0.439  -0.991  -0.391
734278  -0.042  -0.407  -0.414  -1.206  -0.287  -0.208  -0.193  -0.359
722797  0.273  0.705  0.579  0.861  0.2  0.241  0.116  0.163
775403  0.704  1.27  1.47  2.264  1.102  0.894  0.869  0.488
775226  1.071  1.058  1.004  1.896  1.145  0.595  0.872  0.367
775309  0.05  -0.148  -0.45  -0.692  -1.772  -1.864  -1.047  -1.694
790029  0.96  0.817  0.665  1.32  1.109  0.73  0.787  0.376
775297  -0.148  -0.455  -0.789  -0.375  -0.027  -0.19  -0.082  0.095
598561  -0.854  0.028  -0.085  -0.083  -0.961  -0.379  -0.983  -0.404
774935  0.418  0.398  0.441  0.869  0.844  0.781  0.754  0.562
775197  0.338  0.453  -0.385  -2.011  -0.995  -1.098  -0.216  -0.149
775144  0.381  0.274  0.302  0.77  0.78  0.432  0.553  0.322
482571  0.9  1.24  0.579  2.184  1.47  0.818  0.933  0.685
479775  1.009  1.253  1.253  2.163  1.632  1.102  1.275  0.897
459497  -0.018  -0.383  -0.604  -0.996  -0.278  -0.316  -0.318  -0.57
475063  0.793  1.103  1.382  1.813  1.218  1.078  0.675  0.492
482206  -0.034  -0.114  -0.794  -6.03  -3.263  -4.6  -3.29  -2.311
463982  -0.964  -0.729  -3.723  -1.406  -0.293  -0.349  -0.186  -0.459
479543  -0.15  -0.361  -1.08  -1.428  -0.527  -0.514  -0.417  -0.348
459718  -0.237  -0.574  -0.341  -0.179  -0.274  -1.161  -0.17  -0.383
792846  0.164  0.232  -0.435  -1.222  -0.841  -0.809  -0.606  -0.39
792656  0.759  0.457  0.561  0.923  0.734  0.38  0.533  0.292
791758  0.486  0.358  0.536  0.837  0.662  0.535  0.454  0.376
793134  0.591  0.718  0.621  0.946  1.173  0.545  0.714  0.33
793009  0.635  1.29  1.075  1.373  1.229  1.076  1.091  0.541
791896  0.912  0.475  0.614  0.963  0.239  0.3  0.399  0.299
791872  0.608  0.712  0.559  0.346  0.381  0.251  0.799  0.602
792016  0.568  0.628  0.542  0.79  0.966  0.528  0.696  0.378
792914  0.49  0.491  0.559  1.081  0.889  0.471  0.598  0.341
792988  0.689  0.665  0.518  0.564  0.808  0.384  0.639  0.391
791901  0.795  1.191  0.978  1.632  2.056  1.158  1.447  1.035
793039  -0.736  -0.956  -0.111  -0.0090  0.07  0.044  -0.029  -0.054
792960  0.026  -0.107  -0.662  -0.864  -0.133  -0.268  -0.118  -0.225
792867  0.202  0.075  0.259  0.562  0.743  0.544  0.612  0.578
1382621  0.193  -0.029  -0.198  -0.222  -0.304  -0.755  -0.396  -0.637
1382413  0.612  0.394  1.158  1.584  1.455  1.011  1.082  0.572
1314895  0.189  0.129  0.345  0.89  0.652  0.382  0.488  0.397
1382197  0.262  -0.785  -2.96  -6.03  -2.804  -3.272  -1.432  -1.044
1265881  0.841  0.533  -0.0030  -0.118  0.083  0.013  0.165  0.016
1380433  0.331  0.349  0.692  -0.052  0.135  1.005  0.287  -0.074
1382381  0.461  0.243  0.782  0.753  0.461  0.611  0.544  0.3
1332871  -0.286  -0.719  -1.025  -2.001  -0.939  -1.325  -0.889  -0.703
1346255  -0.357  -0.96  -1.179  -0.493  -0.355  -0.33  -0.023  -0.46
1226115  -0.462  -0.929  -1.759  -3.595  -1.718  -1.052  -1.038  -0.955
1195602  -0.21  -0.653  -1.064  -0.967  -0.443  -0.752  -0.341  -0.558
1382644  0.915  1.158  0.62  1.586  1.162  0.551  0.83  0.062
1382015  0.703  0.888  0.492  0.152  0.225  -0.0080  0.313  0.091
1381903  -1.078  -1.208  -0.161  -0.255  -0.045  0.079  0.341  -0.244
1247764  0.147  -0.169  -0.379  -1.68  -1.597  -1.591  -1.494  -1.154
834976  -0.065  0.188  0.074  0.136  -0.036  0.155  0.438  0.795
834953  0.733  1.137  0.588  1.199  0.68  0.442  0.304  0.0090
933757  -0.022  -0.15  -0.568  -1.484  -0.389  -0.293  -0.179  -0.365
934543  -1.613  -2.178  -1.125  -1.354  -0.71  -0.703  -0.376  -0.546
934450  0.179  0.126  0.258  0.359  0.754  0.451  0.467  0.241
835372  0.031  -0.181  -0.696  -0.776  -0.248  -0.234  -0.19  -0.225
865299  0.178  0.154  0.41  0.698  0.872  0.632  0.858  0.348
806093  -0.18  -0.478  -0.66  -0.837  -0.369  -0.364  -0.185  -0.451
560899  -0.391  -1.108  -1.51  -1.871  -0.769  -0.659  -0.578  -1.084
560555  0.313  0.426  0.889  1.305  1.145  0.708  0.985  0.449
865300  0.577  0.77  1.05  1.843  1.479  1.004  0.883  0.583
821944  0.167  -0.052  0.42  1.005  1.094  0.779  0.113  -0.145
821851  0.139  0.056  0.647  1.312  1.534  0.846  0.134  -0.158
560499  0.642  0.831  0.751  1.284  1.126  0.685  0.815  0.632
822470  0.633  0.771  0.831  1.371  1.075  0.639  0.991  0.615
560901  0.019  -0.189  -0.829  -1.409  -0.505  -0.611  -0.129  -0.02
560431  -0.227  -0.547  -1.251  -2.727  -1.033  -1.088  -0.396  -0.576
831853  -0.588  -1.036  -0.419  -0.436  -0.385  -0.124  -0.036  -0.405
831850  0.234  0.11  0.525  1.028  0.931  0.722  0.661  0.239
832825  0.631  0.719  1.193  1.666  1.001  0.444  0.845  0.655
818194  0.909  1.16  0.464  0.352  0.577  0.104  0.726  0.242
831751  -0.311  -0.72  -0.315  -0.162  -0.253  -0.103  -0.323  -0.423
803875  0.884  1.238  1.373  1.801  1.341  0.997  0.892  0.266
818486  0.879  1.498  1.25  2.315  1.562  1.084  1.05  0.556
803854  0.404  0.21  0.363  0.643  0.717  0.328  0.575  0.415
831668  0.483  0.524  0.515  1.234  0.425  0.206  1.176  0.041
1004868  0.681  0.647  0.514  1.229  1.021  0.638  0.82  0.429
1004819  0.351  0.447  0.677  0.746  0.67  0.44  0.687  0.431
1004859  0.85  0.82  1.032  2.178  1.512  0.999  0.806  0.77
1005084  0.742  0.685  0.554  0.901  0.989  0.503  0.698  0.555
1005668  0.41  0.594  0.621  1.098  1.253  0.743  0.773  0.642
1004845  0.671  0.696  0.514  1.077  0.913  0.622  0.564  0.309
1005145  -1.364  -1.42  -1.41  -1.369  -0.559  -0.416  -0.322  -0.34
1005637  0.239  -0.033  -0.843  -0.974  -0.581  -0.57  -0.092  -0.243
1005138  0.227  0.066  -0.367  -0.71  -0.353  -0.379  0.0080  -0.035
519074  -0.399  -0.691  -0.993  -1.323  -0.354  -0.148  0.126  -0.237
517763  -1.668  -2.042  -4.993  -6.745  -2.495  -1.344  -0.508  -0.766
517641  0.471  0.832  0.775  1.166  0.801  0.478  1.038  0.502
517589  0.677  0.749  0.823  1.423  0.902  0.749  0.914  0.549
517456  0.0070  -0.016  0.359  0.992  0.878  0.394  0.29  -0.229
518682  -0.494  -0.863  -0.666  -0.692  -0.271  -0.386  -0.305  -0.504
517757  -0.142  -0.243  -0.813  -0.789  -0.324  -0.211  0.012  -0.13
516843  0.521  0.829  0.821  1.43  1.108  0.803  1.053  0.803
517705  0.797  1.487  1.492  3.256  2.025  1.182  1.578  1.152
517326  0.535  0.743  0.734  1.058  1.135  0.59  0.915  0.56
519375  0.914  1.35  1.112  1.661  1.463  0.942  1.01  0.706
517625  0.979  1.531  1.291  1.976  1.385  1.034  0.929  0.268
516984  0.322  0.269  0.353  0.875  0.735  0.467  0.519  0.394
517620  0.142  0.361  0.423  0.748  0.584  0.272  0.323  0.0060
517556  -0.476  -1.039  -0.809  -1.079  -0.657  -0.636  -0.516  -0.666
516714  0.516  0.435  0.371  0.505  0.71  0.421  0.614  0.462
516594  -0.669  -0.566  -0.728  -1.23  -0.752  -0.534  -0.43  -0.293
516646  0.607  0.859  1.586  2.126  1.426  1.329  1.277  0.891
517500  0.546  0.803  0.709  0.957  0.822  0.432  0.653  0.529
517428  -0.094  -0.3  -0.397  -0.715  -0.314  -0.347  -0.203  -0.35
516569  -0.153  -0.323  -0.517  -0.747  -0.226  -0.258  0.0030  -0.329
519076  0.582  0.745  0.578  0.847  0.69  0.274  0.325  0.085
517772  0.945  1.382  1.547  2.552  2.024  1.254  1.39  0.799
517467  0.833  1.158  1.222  2.347  1.759  1.004  1.339  0.779
387455  0.91  1.616  1.476  2.342  1.856  1.147  1.504  0.864
368082  -0.219  -0.973  -0.209  -0.358  -0.293  -0.251  -0.263  -0.612
368571  1.002  0.64  1.148  0.644  0.828  1.392  0.702  0.764
353114  0.662  0.513  0.658  0.932  0.749  0.843  0.461  0.073
349430  -0.118  -0.774  -0.172  -0.038  -0.062  -0.0010  -0.182  -0.395
335555  -0.798  -3.041  -0.0040  -0.663  -1.826  -0.404  0.456  -0.702
368442  0.044  -0.264  -1.053  -1.569  -0.868  -1.089  -0.579  -0.301
367377  0.679  0.846  0.929  1.261  1.016  0.712  0.642  0.403
335828  -0.322  -1.024  0.1  -0.088  -0.495  -0.102  0.485  -0.273
335551  -1.893  -1.777  -0.514  -0.716  -0.356  -0.477  -0.022  -0.247
374302  0.661  0.752  0.475  0.255  0.376  0.358  0.811  0.392
367133  -0.375  -0.618  -0.894  -0.841  -0.435  -0.373  -0.394  -0.275
368514  -0.14  -0.646  -0.748  -0.787  -0.203  -0.759  -0.133  0.017
367026  0.69  0.491  0.686  0.82  0.678  0.764  0.485  0.168
335808  -0.119  -0.342  -0.766  -0.589  -0.046  -0.285  -0.158  -0.165
337692  1.319  1.523  1.378  1.464  1.334  0.775  0.927  0.755
335781  0.177  0.086  0.253  0.932  0.865  0.234  0.361  0.232
335452  0.847  0.628  0.532  0.414  0.633  0.378  0.785  0.697
335768  0.077  -0.148  -0.855  -0.576  -0.667  -0.813  -0.347  -0.476
335436  0.402  0.231  0.266  0.499  0.789  0.439  0.862  0.613
935643  -0.034  -0.374  -0.783  -0.638  -0.26  -0.66  -0.427  -0.394
922316  0.462  0.444  0.605  0.98  0.842  0.496  0.653  0.437
366999  0.651  0.715  0.217  -0.078  -0.268  -0.385  -0.015  -0.092
944340  -0.081  0.237  0.041  0.022  -0.169  -0.086  -0.182  -1.613
935514  0.936  1.219  1.313  1.646  1.257  1.221  1.307  0.897
960079  -0.34  -0.641  -1.002  -1.436  -0.347  -0.144  -0.218  -0.145
944304  -0.035  -0.082  -0.135  0.042  -0.072  -0.024  0.017  -3.189
368542  0.54  0.712  0.427  0.289  0.472  0.412  0.504  0.614
959909  -0.48  0.538  0.274  0.18  -0.636  -0.201  -0.907  -0.061
2101337  0.323  0.301  1.3  0.943  -0.015  0.272  0.346  0.024
2101335  0.667  0.857  1.212  1.753  1.431  1.302  1.365  0.768
2102165  0.545  0.601  0.766  1.132  1.001  0.919  1.198  0.714
2102061  -0.122  -0.491  -0.921  -1.445  -0.403  -0.449  -0.171  -0.17
2101885  -0.19  -0.412  -0.793  -0.655  -0.2  -0.303  -0.249  -0.296
524644  1.034  0.591  0.073  0.214  0.364  -0.258  0.142  -0.061
532880  0.309  0.467  0.673  1.615  1.779  0.742  0.642  0.24
524848  0.439  0.58  0.423  0.633  0.72  0.589  0.579  0.45
532703  0.563  0.58  0.662  0.718  0.737  0.59  0.309  0.29
524391  0.072  -0.221  -0.401  -0.583  -0.396  -0.592  -0.388  -0.767
524846  0.854  1.611  2.568  4.162  3.276  2.535  2.611  1.44
524845  -0.424  -0.816  -1.01  -1.115  -0.648  -1.14  -0.366  -0.432
524351  0.158  -0.112  -0.381  -0.91  -0.292  -0.308  -0.143  -0.395
400531  -0.78  -0.645  -0.336  -0.214  0.044  -0.437  -0.294  -0.305
1067050  -0.31  -0.702  -0.332  -0.19  -0.294  -0.095  -0.222  -0.304
1097079  -0.679  0.059  -0.017  -0.033  -0.646  -0.237  -0.971  -0.373
1065847  -0.3  -0.715  -0.334  -0.308  -0.297  -0.252  -0.32  -0.424
1094784  0.812  1.603  1.432  1.942  1.129  0.614  0.73  0.319
1065669  -0.056  -0.119  0.0050  -0.173  -0.691  -0.823  -0.425  -0.357
1064754  0.655  0.72  0.613  0.708  0.477  0.343  0.284  0.242
1066710  -0.284  -0.705  -0.354  -0.206  -0.207  -0.128  -0.308  -0.515
1038959  0.572  0.698  0.696  0.95  0.762  0.398  0.568  0.202
1038842  0.756  0.78  0.619  1.048  0.773  0.682  0.813  0.482
1039155  0.637  1.007  1.408  1.825  1.271  0.974  0.916  0.461
1038690  0.052  0.998  1.056  1.694  1.018  0.468  1.052  0.526
1038921  -0.074  -0.476  -1.023  -1.617  -0.703  -0.817  -0.086  -0.188
1039990  0.645  0.989  0.413  1.077  0.945  0.634  0.465  0.353
1038883  0.352  0.466  0.492  0.668  0.707  0.314  0.722  0.277
1023725  1.466  1.295  0.942  1.672  1.515  1.173  1.232  0.671
1038880  0.486  0.865  0.437  0.703  0.433  0.389  0.202  0.354
1039348  0.41  0.508  0.53  0.869  0.864  0.626  0.596  0.416
1038996  1.102  1.905  1.2  2.098  1.052  0.622  0.637  0.122
1038875  0.186  0.165  -0.339  -0.783  -0.559  -0.71  -0.532  -0.44
1038704  1.102  1.514  0.782  1.082  0.883  0.492  0.537  0.495
1002453  0.61  1.18  0.752  1.647  1.047  0.791  1.152  0.615
1038979  0.703  1.015  0.728  0.798  0.638  0.308  0.38  0.126
1038815  0.263  0.257  0.492  0.833  1.072  0.711  0.787  0.488
1038945  0.651  1.227  1.758  1.76  1.169  1.164  1.362  0.82
1195684  -0.685  -0.925  -0.177  -0.429  -0.217  -0.178  0.035  0.0020
1230698  0.406  0.759  0.315  0.631  0.335  0.35  0.416  0.28
1195775  -0.584  -0.529  -1.339  -0.085  -0.78  -0.321  -0.134  -0.572
1225780  -0.34  0.365  0.148  0.125  -0.431  -0.163  -0.796  -0.088
871232  0.686  0.555  0.546  1.308  0.687  0.836  0.602  0.181
765039  0.631  0.317  0.52  1.073  0.788  0.303  0.36  0.036
696896  -0.049  -0.12  -0.431  -0.711  -0.199  -0.195  -0.102  -0.143
681810  0.902  0.482  0.122  -0.041  -0.428  -1.26  -0.63  -1.066
832342  -0.183  -0.504  -0.379  -0.656  -0.784  -0.51  -0.596  -0.559
657946  0.508  0.464  0.47  0.91  0.653  0.806  0.528  0.419
334181  0.73  1.331  1.685  2.91  1.788  1.024  1.48  0.702
596247  -0.792  -0.916  -1.018  -1.298  -0.761  -0.63  -0.372  -0.413
1223764  0.452  0.469  0.562  0.732  0.712  0.412  0.778  0.578
1224496  -0.0070  -1.139  -3.477  -4.308  -4.255  -5.099  -7.447  -3.151
1223761  -0.03  -0.0080  -1.3  -3.524  -1.78  -1.966  -1.232  -1.057
1224492  -0.498  -1.132  -1.614  -1.699  -0.961  -1.053  -0.475  -0.526
597257  -0.629  -0.85  -0.972  -1.321  -0.616  -0.43  -0.463  -0.599
1223739  -0.429  -0.903  -1.211  -1.675  -0.659  -0.844  -0.487  -0.455
1211398  -0.091  -0.385  -0.733  -0.613  -0.494  -0.191  -0.167  -0.165
1224454  0.366  0.381  0.361  0.721  0.513  0.397  0.131  0.013
597372  -0.045  -0.123  -0.496  -0.981  -1.103  -0.767  -0.731  -0.593
596455  -0.055  -0.14  -0.647  -1.59  -0.951  -1.431  -0.557  -0.235
1222665  0.784  1.806  1.956  3.476  2.249  1.23  1.256  0.54
596813  -0.316  -0.72  -0.714  -0.395  -0.099  -0.206  -0.215  -0.252
596643  -0.222  -0.214  -0.387  -0.729  -0.366  -0.388  -0.197  -0.168
597159  -0.092  -0.412  -0.721  -0.832  -0.343  -0.368  -0.079  -0.211
1222578  0.429  0.349  1.139  1.694  1.665  0.691  0.554  0.519
1224259  0.929  1.73  2.251  2.736  1.706  0.892  0.979  0.919
597157  0.22  -0.211  -0.686  -1.39  -1.672  -1.071  -0.786  -0.964
1222968  0.898  0.777  0.952  1.398  1.064  0.364  0.377  0.112
597004  0.309  0.036  -0.497  -0.915  -0.66  -0.938  -0.915  -1.202
1222894  -0.044  -0.319  -0.725  -1.112  -0.023  -0.18  0.152  0.165
1383594  -0.242  -1.098  -1.463  -0.277  0.0  0.045  -0.025  -0.298
1396864  -0.2  -0.669  -1.473  -3.704  -1.553  -1.944  -1.67  -1.486
406747  -1.016  -3.891  -4.322  -11.238  -3.054  -2.08  -1.023  -1.064
407674  -0.185  -0.804  -0.222  -0.067  -0.0070  -0.493  -0.535  -0.894
1384195  0.171  -0.024  -0.075  0.637  0.755  0.606  0.561  0.124
1383143  0.671  0.828  0.542  1.271  0.81  0.792  0.915  0.362
1383865  -0.978  -0.246  -0.203  -0.29  -0.91  -0.485  -0.957  -0.519
407582  0.567  -0.359  -0.795  -2.102  -2.959  -3.51  -1.446  -1.369
1383115  -0.296  0.27  -0.101  -0.0080  -0.345  -0.175  -0.701  -0.0070
1383596  0.564  0.902  0.876  1.295  1.101  0.588  0.771  0.594
1383858  0.828  1.622  1.338  2.157  1.596  0.78  1.311  0.817
720866  0.931  2.126  2.146  2.317  2.233  1.738  1.041  1.424
721466  0.411  0.565  0.362  0.889  0.256  0.223  0.516  0.499
718087  0.628  0.577  0.293  1.296  0.576  0.823  0.683  0.759
1279000  0.581  0.893  0.996  1.557  1.243  0.961  0.909  0.487
598801  1.09  1.297  1.226  1.395  0.348  -0.109  -0.096  -0.18
1350327  1.24  2.526  1.879  2.577  0.913  -0.048  -0.046  -0.082
1279123  0.325  0.618  0.49  0.861  0.837  0.748  0.697  0.637
598072  -0.284  -0.778  -0.415  -0.24  -0.215  -0.155  -0.364  -0.529
1278248  -0.169  0.052  -0.024  -0.279  -0.535  -0.37  -0.768  -0.241
1278753  -0.249  -0.268  -0.374  -0.704  -0.353  -0.368  -0.226  -0.192
1278245  0.408  0.374  0.297  0.713  0.505  0.173  0.174  0.161
597530  0.46  0.245  0.352  0.421  0.832  0.413  0.118  0.268
597616  -0.521  -0.986  -0.583  -0.587  -0.816  -0.639  -0.463  -0.706
1278569  -0.276  -0.493  -0.71  -0.957  -0.259  -0.236  -0.099  -0.121
437239  1.688  3.835  2.643  4.557  3.278  2.085  1.679  0.626
406190  0.652  0.771  0.703  1.013  1.063  0.564  0.672  0.391
426173  0.292  -0.233  -1.905  -3.38  -1.997  -2.165  -2.065  -0.972
406863  0.711  0.715  0.244  0.474  0.691  0.286  0.504  0.363
407703  0.031  -0.414  -0.821  -0.867  -0.741  -0.601  -0.631  -0.27
441164  0.303  0.266  0.179  0.483  0.637  0.31  0.757  0.583
438799  0.51  0.593  0.572  0.555  0.59  0.469  0.753  0.709
407117  -0.253  -0.867  -0.568  -0.156  0.27  -0.149  0.097  0.066
407600  0.038  -0.328  -0.552  -0.977  -0.603  -0.749  -0.611  -0.983
779918  0.616  0.593  0.534  0.941  0.924  0.579  0.83  0.602
779196  -3.235  -0.438  0.197  0.018  0.156  0.0  0.501  0.525
791140  0.695  1.522  1.574  2.986  1.984  1.356  1.457  0.836
779057  -0.146  -0.198  -0.691  -1.057  -0.454  -0.479  -0.26  -0.119
779672  0.276  0.304  0.432  0.903  1.033  0.557  0.705  0.456
779429  0.626  0.881  0.787  1.189  1.173  0.983  0.956  0.61
791106  0.91  1.062  1.472  2.52  1.897  1.397  1.164  0.438
779426  0.997  1.28  0.751  1.083  1.044  0.425  1.222  0.723
1195917  1.415  2.383  2.554  4.178  2.955  1.808  2.036  1.162
1179412  0.125  0.069  -0.15  -0.561  -1.016  -0.654  -0.687  -0.515
1162896  -0.267  -0.683  -0.986  -1.162  -0.072  -0.257  0.07  -0.142
876696  -0.232  -0.296  -0.753  -0.799  -0.328  -0.319  -0.086  -0.137
1195446  0.538  1.464  2.928  2.597  1.885  1.774  2.058  1.304
1139544  -0.936  -0.745  -0.361  -0.302  -0.522  -0.197  -0.299  -0.376
1053953  -1.436  -2.888  -0.857  -0.767  -0.411  -0.731  -0.227  -0.252
1162792  0.779  0.773  0.0070  -0.677  -0.221  -1.051  -0.0050  -0.698
1153720  -0.17  -0.954  0.386  0.122  0.059  -0.354  -0.45  -0.166
903245  -0.1  -0.358  -1.727  -3.884  -1.623  -1.851  -0.64  -0.314
1162727  0.144  -0.25  -0.766  -1.2  -0.516  -0.621  -0.458  -0.547
1177854  -0.428  -0.88  -0.494  -0.856  -0.546  -0.289  -0.325  -0.419
1195881  0.248  0.486  0.677  0.857  0.814  0.774  0.492  0.235
1123007  0.64  0.398  0.309  1.156  1.045  0.651  0.773  0.418
1177991  0.633  0.357  0.795  0.983  0.532  0.546  0.894  0.227
1162830  1.328  1.533  1.283  0.976  0.983  0.497  0.522  0.186
1122937  0.942  2.234  1.638  3.367  2.116  1.605  1.856  1.253
819760  -0.353  -0.844  -0.389  -0.328  -0.385  -0.178  -0.411  -0.542
894582  0.635  0.627  0.655  1.031  0.484  0.502  0.59  0.364
819734  0.708  0.325  -0.536  -3.797  -1.452  -1.377  -0.73  -0.723
819789  -0.112  -0.57  -0.958  -1.644  -0.918  -0.424  -0.483  -0.4
819928  -0.341  -0.707  -0.34  -0.361  -0.196  -0.126  -0.308  -0.453
819851  0.135  0.276  0.227  0.424  0.815  0.331  0.243  0.104
834600  -1.388  -1.987  -0.785  -1.331  -0.231  -0.902  -0.331  -0.542
805986  -0.036  -0.278  -0.391  -1.092  -0.608  -0.736  -0.513  -0.761
560115  -0.15  -0.399  -0.828  -0.987  -0.568  -0.881  -0.443  -0.401
805980  0.36  0.496  0.479  0.746  0.501  0.414  0.234  0.0070
541305  0.996  1.87  1.207  0.821  1.194  1.336  1.165  0.411
541156  -0.042  -0.262  -0.731  -0.704  -0.129  -0.202  0.104  0.18
540946  -0.324  -0.817  -0.341  -0.347  -0.376  -0.189  -0.459  -0.468
541140  -0.312  -0.888  -0.486  -0.137  0.037  -0.119  -0.014  -0.117
560372  -0.442  -1.006  -0.855  -0.954  -0.555  -0.549  -0.459  -0.49
541231  0.411  0.562  0.414  0.826  0.61  0.52  0.631  0.563
808846  0.594  1.055  0.922  1.284  1.212  0.668  0.807  0.689
350489  0.062  0.327  -0.276  -0.75  -0.296  -0.666  -0.25  -0.281
808692  0.51  0.489  0.104  0.714  0.352  0.194  -0.155  -0.192
806802  0.404  0.548  0.478  1.213  0.859  1.198  0.867  0.593
350927  0.021  0.013  -0.491  -1.048  -0.433  -0.268  -0.207  0.01
808049  0.315  0.13  0.059  0.705  0.308  0.541  0.104  0.085
808029  0.419  0.363  0.185  0.816  0.571  0.55  0.192  0.231
350787  0.195  0.278  0.229  0.6  0.432  0.716  0.571  0.37
1004409  0.356  -0.0050  -0.888  -1.324  -0.736  -0.804  -0.289  -0.415
989776  -0.225  -0.609  -1.54  -1.494  -0.357  -0.67  -0.19  -0.187
1004099  0.69  1.227  0.938  1.909  1.278  0.877  1.364  0.61
990152  0.063  -0.332  -1.309  -0.866  -0.075  -0.0070  -0.044  -0.026
990556  0.578  0.315  0.255  0.659  0.739  0.36  0.394  0.083
1004124  -0.148  -0.428  -0.806  -0.575  -0.382  -0.387  0.107  -0.146
990960  -0.131  -0.406  -0.799  -0.445  -0.327  -0.408  0.048  -0.151
515926  -0.218  -0.532  -1.264  -2.584  -1.256  -1.113  -0.432  -0.466
515835  -0.335  0.078  -0.018  -0.039  -0.502  -0.14  -0.753  -0.126
516294  -0.879  -1.581  -0.926  -0.617  -0.054  -0.361  -0.194  -0.035
515470  0.598  1.026  0.818  1.156  0.917  0.533  1.172  0.706
516004  -0.63  -0.0090  -0.175  -0.149  -0.705  -0.208  -0.992  -0.365
515500  0.572  0.971  1.156  1.997  1.758  0.929  0.863  0.468
517242  0.496  0.621  0.12  0.546  0.979  0.455  0.338  -0.117
515483  0.765  1.184  1.179  1.916  1.875  1.192  1.132  0.661
517227  -0.638  -1.128  -0.661  -0.319  -0.168  -0.157  0.044  -0.357
515860  -0.0090  -0.082  -0.029  -0.471  -1.141  -1.221  -1.057  -1.113
515590  0.624  0.666  0.578  0.785  0.65  0.54  0.774  0.596
515361  -0.176  -0.482  -0.627  -0.427  -0.687  -0.534  -0.906  -0.88
515735  0.781  1.516  1.313  2.294  1.748  1.006  1.455  1.068
516471  -0.5  -0.761  -0.305  -0.183  -0.182  -0.103  -0.173  -0.241
515611  0.418  0.276  0.395  0.436  0.712  0.245  0.508  0.238
959862  0.299  -0.365  -0.603  -0.025  -0.863  -0.162  -0.505  -0.175
959860  -0.804  0.3  0.072  -0.033  -0.938  -0.365  -1.138  -0.279
959820  -0.708  0.516  0.174  0.047  -0.635  -0.266  -0.892  -0.137
903231  -0.102  -0.399  -0.58  -1.158  -0.354  -0.44  -0.195  -0.367
959695  -0.275  -0.419  -0.455  -0.719  -0.376  -0.47  -0.234  -0.305
948910  -0.03  -0.162  -1.27  -1.747  -0.471  -0.576  -0.518  -0.317
1109733  0.349  0.522  0.51  0.813  0.611  0.868  0.657  0.498
1109616  0.451  0.643  0.613  1.316  1.088  0.825  0.676  0.492
2102050  -0.053  -0.682  -1.68  -3.068  -1.319  -1.548  -0.826  -0.395
1082018  0.551  0.596  0.527  0.763  1.042  0.546  0.681  0.51
1037975  0.517  0.501  0.559  1.081  0.834  0.68  0.725  0.399
1038558  0.626  0.642  0.629  1.11  0.998  1.348  1.164  0.772
2101997  1.039  0.518  -0.849  -2.019  -1.473  -1.835  -0.681  -0.44
1110364  0.741  1.576  0.971  0.811  0.846  0.803  0.823  0.692
1109863  0.518  0.633  0.476  0.743  0.603  0.432  0.777  0.693
523831  -0.759  -0.541  -0.192  -0.03  0.104  0.078  0.08  0.033
524982  0.131  -0.099  -0.803  -1.069  -0.481  -0.884  -0.554  -0.303
524703  1.263  2.611  2.522  4.322  3.315  1.759  2.391  1.427
523934  0.223  0.239  0.771  1.389  1.25  0.859  0.218  -0.035
524932  1.08  1.994  1.278  2.21  1.567  1.081  1.231  0.657
524759  0.028  -0.062  -0.69  -1.113  -0.163  -0.058  0.017  0.01
524656  0.745  0.353  0.083  0.021  0.337  0.264  0.36  0.381
523990  0.689  0.867  0.796  1.141  0.735  0.474  0.815  0.55
523876  0.148  0.229  -0.412  -0.868  -0.765  -1.132  -0.549  -0.933
524067  -0.027  -0.371  -0.874  -0.964  -0.304  -0.282  -0.267  -0.11
524748  0.753  0.802  0.596  0.908  0.767  0.731  0.576  0.282
524191  1.092  0.609  -0.137  -0.721  -0.265  -0.364  -0.187  -0.839
1068748  0.766  1.001  0.404  0.157  -0.241  -0.163  -0.0040  -0.525
1053922  -0.354  -0.809  -0.331  -0.27  -0.392  -0.083  -0.338  -0.505
1066981  -0.339  -0.876  -0.5  -0.371  -0.413  -0.284  -0.382  -0.419
1077867  0.757  1.159  1.028  1.62  1.159  1.04  0.416  0.1
1068714  -1.115  -0.18  -0.125  -0.491  -1.088  -0.574  -1.033  -0.469
1078999  -0.489  -0.876  -0.414  -0.392  -0.333  -0.158  -0.463  -0.534
621720  0.703  0.598  0.559  1.22  0.855  0.609  0.46  0.189
1002759  -1.045  -1.096  -0.307  -0.159  -0.208  -0.192  -0.017  -0.14
1002370  1.118  0.659  0.696  1.149  0.669  0.673  0.593  0.213
1002364  -0.493  -0.702  -1.113  -1.061  -0.573  -0.594  -0.218  -0.271
1020580  0.045  -0.175  -0.157  -0.638  -1.016  -0.328  -0.21  -0.588
1002830  -0.137  -0.034  -0.655  -1.652  -1.269  -1.284  -0.638  -1.103
1002668  -0.351  -0.701  -0.247  -0.126  -0.179  -0.03  -0.203  -0.309
1020649  -0.783  -1.238  -1.456  -2.017  -1.246  -0.793  -0.416  -0.48
1001588  0.274  0.231  -0.267  -0.988  -0.478  -0.314  -0.192  -0.358
374298  0.646  0.739  0.735  0.596  0.638  0.477  0.769  0.733
387840  0.965  1.232  1.18  1.316  1.443  0.823  1.091  0.785
635981  -0.425  -0.438  -0.412  -0.737  -0.557  -0.47  -0.484  -0.167
388693  -0.228  -0.331  -0.648  -1.234  -0.448  -0.447  -0.301  -0.291
618120  -0.215  -0.32  -0.707  -0.87  -0.4  -0.432  -0.183  -0.147
576062  -0.734  -0.583  -0.985  -1.691  -0.6  -0.664  -0.524  -0.345
620773  -0.096  -0.831  -2.405  -4.802  -2.07  -1.841  -0.697  -0.54
574757  -0.11  -0.304  -0.973  -1.192  -0.522  -0.696  -0.355  -0.313
618692  -3.404  -4.601  -3.245  -2.51  -0.869  -1.297  -0.805  -0.838
622732  -1.972  -3.042  -1.909  -1.729  -0.698  -0.953  -0.316  -0.666
440614  -1.454  -1.283  -2.204  -2.593  -0.993  -1.018  -0.361  -0.321
372899  0.025  0.042  -0.273  -1.355  -1.15  -0.827  -0.387  -0.186
598176  -0.882  -0.811  -1.029  -1.436  -0.943  -0.693  -0.376  -0.388
400761  -0.065  -0.225  -0.255  -0.71  -0.528  -0.421  -0.174  -0.158
582093  -3.61  -0.612  -0.052  -0.026  -0.026  -0.288  0.298  0.819
620068  1.103  1.146  0.956  0.85  0.549  0.577  1.117  0.426
423026  0.647  0.722  0.535  0.673  0.747  0.558  0.467  0.181
1210238  0.538  0.878  0.802  1.26  1.332  0.959  0.971  0.793
1209286  0.529  0.89  1.065  1.458  0.918  0.993  0.96  0.572
1210036  -0.097  0.194  0.355  -0.941  -0.851  -0.41  -0.346  -0.352
1223549  0.192  0.156  0.301  0.809  0.674  0.39  0.56  0.258
1224217  0.831  1.52  2.417  3.505  2.359  1.17  1.424  1.164
1210259  -0.489  -1.407  -1.504  -1.258  -0.941  -0.441  -0.689  -1.475
1382235  0.291  0.781  0.27  0.423  0.277  0.255  0.363  0.233
1382096  -0.066  -0.139  -0.451  -1.0  -0.565  -0.741  -0.4  -0.322
403578  0.376  0.534  0.558  0.926  0.928  0.641  0.745  0.514
407708  1.028  1.064  0.862  1.448  1.233  0.743  0.499  0.695
1382782  -1.103  -0.212  -0.251  -0.233  -1.083  -0.525  -0.887  -0.568
404586  0.554  0.802  0.245  0.17  0.308  0.17  0.26  0.571
403654  0.531  0.457  0.708  0.959  0.72  0.62  0.477  0.141
403623  1.413  1.948  0.844  1.597  1.262  1.053  0.77  0.905
1383390  -1.195  -1.554  -2.638  -2.187  -1.587  -1.909  -0.924  -0.909
719120  -0.175  0.291  0.04  0.079  -0.338  -0.03  -0.788  -0.027
720411  1.053  1.742  1.814  3.255  1.909  1.105  1.511  0.875
719964  0.398  0.394  0.278  0.87  0.417  0.515  0.538  0.142
719360  -0.486  0.132  -0.083  0.077  -0.662  -0.241  -0.747  -0.106
719193  -0.376  -0.108  -0.257  -0.172  -0.51  -0.365  -0.743  -0.334
720190  -4.629  -3.322  -1.649  -0.293  -3.292  -0.316  -0.32  -1.478
692690  0.111  0.156  0.357  1.172  1.095  0.76  0.215  0.079
719429  0.659  0.458  0.46  0.702  0.331  0.37  0.447  0.116
1279508  0.418  0.772  0.419  0.598  0.615  0.443  0.666  0.384
318539  -0.61  -2.063  -0.349  -0.46  -0.237  -1.423  -0.529  -0.246
403935  -0.173  -0.405  -0.732  -0.811  -0.25  -0.38  -0.059  -0.348
400720  0.731  0.535  0.89  1.503  0.837  0.899  0.944  0.363
404103  1.134  1.963  3.051  4.519  3.092  1.455  1.577  1.315
403755  -0.188  -0.645  -1.518  -1.975  -0.759  -0.441  0.03  -0.138
538218  0.813  1.154  0.964  1.568  1.692  1.084  1.616  0.86
402270  0.05  -1.134  -3.355  -5.209  -2.835  -4.179  -2.052  -1.104
406138  0.602  0.481  0.468  0.753  0.707  0.391  0.357  0.165
538578  0.188  0.176  -0.057  0.2  0.242  -1.616  0.18  0.2
538320  0.037  0.128  -0.207  0.338  0.296  -1.657  0.11  0.195
536961  -0.128  -0.269  -0.373  -0.681  -0.202  -0.905  0.093  0.023
538114  0.504  0.381  0.414  0.917  0.519  0.352  0.55  0.337
537797  0.25  0.214  0.26  0.514  0.741  0.293  0.548  0.251
537509  0.206  0.239  0.319  0.596  0.713  0.378  0.442  0.228
536913  -0.048  -0.112  -0.461  -1.04  -0.425  -0.328  -0.075  0.0050
777834  -0.234  -0.718  -0.349  -0.47  -0.363  -0.273  -0.464  -0.379
778680  1.162  1.338  0.906  1.067  0.839  0.312  0.894  0.638
777536  -0.054  -0.704  -0.555  -0.04  0.0090  0.038  -0.151  -0.14
778476  -0.212  -0.723  -1.035  -0.743  -0.359  -0.26  -0.277  -0.183
777568  0.029  -0.225  -0.881  -1.322  -0.978  -1.054  -0.567  -0.396
778733  0.504  0.989  0.798  1.483  1.25  0.708  0.72  0.277
778391  -0.074  0.509  0.323  1.026  0.724  -0.021  -0.221  1.149
778696  0.482  0.452  0.456  0.827  0.526  0.487  0.506  0.32
778529  0.63  0.788  0.711  1.085  1.011  0.658  0.531  0.544
871947  -0.401  -0.858  -0.962  -1.451  -0.519  -0.366  -0.296  -0.386
871756  -0.439  -0.118  -0.169  -0.716  -0.183  -0.073  -0.278  -0.231
807658  -0.955  -0.438  -0.081  0.143  -0.012  -0.28  -0.019  0.051
807512  0.662  1.005  0.814  1.601  0.771  0.449  0.606  0.315
747976  0.791  0.866  0.722  1.429  0.918  0.43  0.965  0.584
871154  0.834  0.636  0.657  0.704  0.867  0.681  1.134  0.779
860266  1.283  1.11  0.907  1.331  0.688  0.86  1.25  0.496
872058  0.796  1.013  1.075  1.538  1.258  1.063  0.928  0.517
849182  0.395  0.568  0.813  0.897  0.578  0.459  0.777  0.466
860231  0.779  0.483  0.385  0.377  0.491  0.55  0.812  0.383
851648  0.425  0.285  0.585  0.974  0.942  0.772  0.412  0.279
870856  0.715  1.779  1.358  1.387  0.669  0.106  0.311  0.122
818229  -0.025  -0.035  0.761  0.806  0.961  0.171  0.358  0.267
870855  1.12  1.971  2.176  3.673  2.993  1.699  2.386  1.544
317222  0.021  0.176  0.742  0.696  0.689  0.543  0.708  0.321
846947  0.614  0.713  0.448  1.62  0.953  0.842  0.683  0.17
748463  0.403  0.443  0.35  0.857  0.763  0.521  0.586  0.277
871047  1.327  1.791  2.433  3.089  2.693  1.748  2.057  1.353
846935  -0.788  -0.035  0.341  0.221  0.468  0.285  0.512  0.201
790431  0.302  0.408  0.35  0.572  0.819  0.362  0.245  0.336
805411  -0.344  -0.46  -0.737  -0.972  -0.298  -0.456  -0.061  -0.095
819722  -0.249  -0.374  -0.87  -1.497  -0.51  -0.461  -0.207  -0.07
805390  0.44  0.171  0.634  0.809  0.323  0.345  0.268  -0.139
790062  -0.127  -1.236  -1.621  -2.354  -0.827  -0.715  -0.431  -0.563
789847  0.479  0.602  0.565  0.877  0.587  0.475  0.285  0.288
820086  0.52  0.626  0.454  0.824  0.956  0.49  0.532  0.447
819970  0.412  0.303  0.123  0.412  0.131  0.927  0.912  0.46
819796  0.055  -0.144  -0.491  -1.35  -0.059  -0.174  -0.072  -0.087
819872  0.618  0.636  0.616  0.935  0.91  0.637  0.63  0.342
805408  0.283  0.534  0.361  0.858  0.767  0.585  0.616  0.307
539525  -0.041  -0.416  -0.926  -1.063  -0.7  -0.749  -0.127  -0.264
539087  0.576  0.514  0.417  0.724  0.356  0.334  0.287  0.145
539324  0.938  0.717  0.512  0.558  0.461  0.139  0.335  0.12
539055  -0.46  -0.757  -1.136  -2.056  -0.889  -0.697  -0.576  -0.514
540358  0.108  -0.145  -0.449  -0.747  -0.544  -0.52  -0.576  -0.312
539536  0.257  0.283  0.257  0.807  0.882  0.414  0.706  0.222
539108  0.251  0.222  0.353  0.814  0.794  0.514  0.258  0.073
988520  0.424  0.437  0.405  0.845  0.576  0.396  0.512  0.242
992105  -1.392  -0.171  -0.264  -0.214  -1.247  -0.615  -1.181  -0.627
989093  -0.763  -0.941  -0.852  -0.592  -0.318  -0.393  -0.036  -0.209
988556  0.218  0.37  0.515  1.181  0.995  0.414  0.586  0.686
992031  -1.41  -0.547  -0.077  0.145  0.201  0.161  0.252  0.086
991488  -0.566  -1.202  -0.72  -0.771  -0.507  -0.588  -0.122  -0.423
988801  0.647  0.827  0.539  0.741  0.539  0.178  0.885  0.423
988794  0.64  0.638  0.502  0.679  0.705  0.509  0.483  0.366
976981  0.782  1.075  0.868  1.31  1.095  0.595  0.533  0.545
976934  0.44  0.795  0.634  1.406  1.041  0.68  0.863  0.372
976978  0.015  -0.514  -0.595  -0.87  -0.391  -0.369  -0.12  -0.479
976930  -0.633  -0.831  -1.047  -0.857  -0.208  -0.348  -0.023  -0.082
514386  -0.431  0.162  -0.079  0.038  -0.549  -0.143  -0.778  -0.166
514016  0.432  0.627  0.665  0.985  0.977  0.582  0.597  0.301
514004  -0.333  -0.806  -0.835  -0.937  -0.263  -0.451  -0.517  -0.564
513915  0.888  1.087  1.222  2.531  1.367  0.749  0.872  0.574
907725  0.122  0.437  0.496  0.75  0.33  0.322  0.757  0.962
514319  0.752  1.197  1.136  2.222  1.231  0.816  1.299  0.833
514051  0.445  0.591  0.491  0.733  0.592  0.307  0.389  0.257
891364  0.87  1.242  0.764  1.43  1.307  0.859  0.871  0.614
902951  0.746  0.584  -0.112  -0.665  -0.353  -0.549  -0.166  -0.364
870828  1.488  1.705  1.354  2.696  1.357  1.136  1.303  0.993
871695  0.229  0.286  0.033  0.853  0.231  0.367  0.194  0.102
864447  0.405  1.133  0.79  1.224  0.518  0.724  0.798  0.977
902269  -0.21  -0.252  -0.664  -1.07  -0.282  -0.156  -0.066  -0.065
891219  -0.414  -0.404  -0.397  -0.911  -0.081  -0.123  -0.057  0.081
871122  0.61  1.393  0.756  1.459  0.869  0.738  0.824  0.037
875880  0.0070  -0.119  0.0040  -0.579  -0.479  -0.922  -0.335  -0.616
871045  0.59  0.764  1.066  1.567  1.112  0.589  0.639  0.685
1038333  -0.088  -0.253  -0.821  -0.685  -0.06  -0.16  0.137  0.021
1037920  0.788  1.051  0.738  1.329  1.569  0.834  0.923  0.678
1038386  -0.108  -0.436  -0.878  -0.743  -0.195  -0.308  -0.119  -0.176
1037652  -0.478  -2.586  0.106  0.151  -0.449  0.18  0.249  -0.769
1038304  0.379  0.584  0.697  1.612  1.17  0.782  0.972  0.529
1037884  0.496  0.81  0.691  0.957  0.952  0.79  0.847  0.506
1038416  -0.293  -0.758  -0.583  -0.611  -0.267  -0.256  -0.25  -0.31
1037771  0.5  0.486  0.436  0.9  0.99  0.573  0.824  0.713
1038449  0.839  0.877  0.703  1.332  1.32  0.822  1.151  0.953
1037686  -0.213  -0.317  -0.733  -0.717  -0.164  -0.217  0.081  0.061
523150  -0.018  -0.023  -0.111  -0.712  -0.869  -0.223  -0.349  -0.403
521350  0.934  0.95  0.255  0.221  -0.089  -0.077  -0.059  -0.43
521132  -0.041  -0.089  -0.742  -0.791  -0.623  -0.667  -0.434  -0.74
521720  0.067  0.4  -0.278  -1.891  -1.313  -2.601  -2.114  -1.738
522398  0.38  -0.497  -1.131  -2.451  -3.678  -3.641  -1.856  -1.694
521648  0.218  -0.07  -0.037  -0.406  -0.308  -0.359  -0.492  -1.739
521479  0.742  0.012  -1.437  -3.405  -2.767  -1.666  -0.586  -1.078
522029  0.724  0.336  0.75  1.051  1.098  0.792  1.424  0.132
521952  0.659  0.569  0.496  0.849  0.633  0.531  0.511  0.244
523460  0.635  0.61  0.489  1.301  0.771  0.595  1.405  0.786
522368  -0.265  -0.469  -0.812  -0.5  -0.398  -0.217  -0.301  -0.253
521641  0.765  0.923  1.103  1.485  1.662  0.999  1.211  0.753
521882  0.926  1.524  2.016  3.258  1.957  1.101  1.535  1.067
1024791  0.395  0.376  0.406  0.809  0.572  0.353  0.512  0.388
1003901  0.586  0.822  0.723  1.017  0.896  0.528  0.589  0.558
976760  0.918  0.903  0.937  1.179  1.299  0.728  0.574  0.373
1003892  -0.8  -0.1  -0.247  -0.0080  0.0010  -0.034  0.108  0.042
976758  0.434  0.698  0.41  0.778  0.651  0.295  0.389  0.094
1003858  0.295  0.284  0.107  0.386  0.596  0.245  0.724  0.375
1050526  0.029  -0.047  -0.42  -1.412  -0.409  -0.457  -0.259  -0.145
987445  0.908  1.157  0.96  1.451  1.321  0.81  1.029  0.897
1001364  -0.279  -0.702  -0.769  -0.95  -0.457  -0.304  -0.331  -0.351
576361  -0.118  -0.382  -1.236  -1.441  -0.844  -0.847  -0.548  -0.507
482719  0.19  0.364  0.407  0.723  0.657  0.231  0.503  0.422
573953  -0.103  -0.155  -0.382  -0.734  -0.461  -0.399  -0.225  -0.117
573898  -2.145  -1.361  -1.589  -0.708  -0.301  -0.239  -0.127  -0.222
987791  0.59  0.194  -0.064  -0.499  -0.634  -1.15  -0.829  -1.554
481915  -0.36  -0.78  -0.269  -0.148  -0.232  -0.122  -0.281  -0.436
1195358  -0.041  -0.365  -0.763  -2.463  -1.381  -1.688  -1.248  -1.717
1181707  -1.586  -0.71  -1.097  -0.601  -0.153  -0.238  -0.223  -0.351
1195037  0.635  1.347  0.997  0.292  0.358  0.053  0.219  0.239
1154002  -0.375  -0.541  -0.725  -3.807  -1.41  -1.408  -0.525  -1.108
317871  -1.256  -2.3  -2.003  -2.168  -0.731  -0.824  -0.4  -0.259
316441  0.783  0.514  0.127  0.042  -0.393  -0.684  -0.75  -1.173
634781  -0.383  -1.012  -0.525  -0.549  -0.526  -0.267  -0.643  -0.484
334712  -0.206  -0.511  -0.98  -0.687  -0.548  -0.345  -0.281  -0.345
332940  -0.0040  -0.218  -0.173  -0.165  -0.562  -0.711  -0.811  -1.003
331144  0.491  0.577  0.452  0.728  0.588  0.504  0.824  0.247
350912  0.323  0.543  0.602  0.744  0.549  0.473  0.358  0.235
334682  1.081  2.388  1.343  1.922  1.336  0.696  0.967  0.497
317686  -0.302  -0.541  -0.559  -1.358  -1.437  -1.542  -0.939  -1.055
313884  -0.341  -0.338  -0.22  -0.231  -0.557  -0.603  -0.62  -0.88
634957  -0.4  -0.41  -0.76  -0.773  -0.489  -0.402  -0.45  -0.233
330805  -0.827  -1.92  -2.182  -1.933  -1.505  -0.606  -0.919  -2.873
318867  -0.353  -0.633  -0.874  -0.936  -0.715  -0.453  -0.324  -0.272
334467  0.752  1.257  1.473  2.157  1.539  0.948  0.908  0.797
316763  -0.585  -0.829  -1.421  -1.805  -0.99  -0.761  -0.549  -0.555
635510  0.725  0.369  0.213  0.861  0.41  0.252  0.448  0.308
1193443  -0.805  -1.167  -1.105  -1.263  -0.804  -0.766  -0.529  -0.628
1193180  -0.127  -0.192  -0.633  -0.885  -0.442  -0.332  -0.123  0.046
1196445  -0.965  0.197  -0.01  -0.153  -1.169  -0.516  -1.334  -0.447
1196439  -0.683  0.108  0.0060  -0.074  -0.703  -0.289  -0.694  -0.31
1193633  0.502  1.072  0.575  1.089  1.03  0.976  0.968  0.449
1197111  0.665  0.964  0.368  -0.356  -1.427  -1.934  -1.842  -2.825
1193218  0.658  1.301  1.249  1.308  0.869  0.263  0.653  0.457
1150897  0.538  0.782  0.621  1.092  1.062  0.722  0.765  0.53
1149877  -0.372  -0.743  -0.899  -1.232  -0.563  -0.533  -0.277  -0.318
1193468  -0.09  -0.271  -0.502  -0.741  -0.139  -0.237  0.105  -0.367
1197070  0.677  0.358  1.384  1.674  1.188  1.361  1.455  0.506
1193680  -0.437  -0.933  -2.235  -2.373  -0.609  -0.98  -0.284  -0.261
1150770  -0.148  -0.521  -0.883  -0.82  -0.105  -0.429  -0.213  -0.142
1149790  0.502  0.666  0.436  0.77  0.631  0.394  0.501  0.401
1379900  -0.083  -0.287  -0.177  -0.77  -0.488  -0.383  -0.342  -0.265
1378509  0.56  0.651  0.455  1.087  0.628  0.652  0.478  0.54
1281405  0.308  0.234  0.361  0.513  0.115  0.082  0.581  0.724
1366423  1.173  0.85  0.855  1.51  1.29  0.802  0.513  0.437
1282320  0.531  0.579  0.65  1.208  0.866  0.611  0.641  0.414
1365095  -0.084  -0.211  -0.533  -0.842  -0.307  -0.174  -0.224  -0.294
1380996  0.199  0.115  0.401  0.718  0.361  0.315  0.462  0.27
1364755  -0.0020  -0.618  -0.624  -1.066  -0.567  -0.648  -0.332  -0.345
1378629  0.121  -0.025  0.402  0.142  0.199  0.79  0.536  -0.273
1329349  -0.405  -0.914  -0.884  -0.924  -0.856  -0.676  -0.468  -0.334
1264951  -0.737  -2.426  0.036  -2.184  -0.798  -2.32  -0.612  -0.488
680284  0.642  -0.856  -0.746  -0.052  -1.745  -0.251  -1.045  -0.325
680584  -0.79  -1.021  -0.745  -1.909  -1.061  -1.062  -0.402  -0.394
653231  -0.269  -0.714  -0.32  -0.302  -0.157  -0.11  -0.371  -0.502
680058  0.011  0.217  0.559  0.197  0.497  0.329  1.009  0.245
678649  -0.434  0.101  0.037  -0.118  -0.751  -0.233  -0.726  -0.155
680298  0.141  -0.137  -0.136  -0.182  -0.466  -0.647  -0.629  -0.743
643707  0.599  0.426  0.441  0.874  0.516  0.678  0.307  0.111
669703  0.032  -0.908  -2.189  -3.293  -1.704  -1.693  -1.071  -0.775
642972  0.285  0.208  0.333  0.731  0.731  0.34  0.314  0.126
652935  0.426  0.351  0.441  0.723  0.551  0.56  0.434  0.386
329551  0.822  0.706  0.567  0.9  0.359  0.086  0.153  -0.042
1276836  0.592  0.704  0.287  0.523  0.262  0.381  0.071  -0.075
1277623  -0.161  -0.268  -0.688  -0.869  -0.313  -0.262  -0.193  -0.151
329775  0.335  0.777  0.413  0.62  0.562  0.458  0.439  0.676
1277168  -0.085  -0.301  -0.707  -0.523  -0.334  -0.334  0.075  -0.185
330537  0.256  0.331  0.328  0.713  0.393  0.548  0.333  0.142
1497623  -0.427  -0.716  -0.354  -0.222  -0.229  -0.225  -0.35  -0.471
1511542  0.161  0.335  0.152  0.268  0.348  0.776  0.449  0.416
1497580  0.412  0.404  0.203  1.45  0.744  0.36  0.319  0.337
764568  -0.807  -0.653  -0.137  -0.358  -0.209  -0.109  -0.212  -0.05
762309  -0.0020  -0.234  -1.065  -1.577  -0.293  -0.396  -0.0020  0.035
752234  0.385  0.546  0.44  1.022  0.651  0.626  0.693  0.498
764395  0.364  0.781  0.321  0.87  0.157  0.407  0.191  -0.098
750284  0.341  0.703  0.317  0.61  0.284  0.135  0.264  0.491
720387  0.438  0.53  0.716  0.63  0.802  0.493  0.624  0.313
695452  0.427  0.699  0.461  0.883  0.805  0.363  0.335  0.368
677460  0.893  0.952  1.064  1.254  0.864  0.43  0.564  0.32
720629  -0.308  -0.616  -1.236  -1.646  -0.842  -0.6  -0.408  -0.356
681768  0.329  0.421  0.356  0.297  0.492  0.704  1.021  0.431
422226  -0.409  -0.757  -0.371  -0.319  -0.447  -0.364  -0.468  -0.452
317328  -0.592  -1.162  -0.514  -0.448  -0.519  -0.316  -0.615  -0.579
313842  0.47  0.839  0.161  0.855  0.586  0.336  0.253  0.414
314112  -0.019  -0.028  -1.267  -0.484  -0.128  -0.0010  -0.048  -0.053
316867  -0.09  -0.471  -0.83  -1.047  -0.361  -0.689  -0.423  -0.492
426150  0.461  0.434  0.778  0.81  0.56  0.322  0.308  0.295
334798  0.038  -0.271  -0.554  -0.774  -0.392  -0.484  -0.215  -0.171
1749974  -0.026  -0.049  -0.365  -1.555  -0.621  -0.618  -0.332  -0.238
349266  0.571  0.577  0.577  1.07  0.9  0.559  0.589  0.491
335924  0.856  1.037  1.189  1.707  1.401  0.986  1.194  0.837
334713  0.802  1.155  0.959  1.132  0.93  0.784  0.78  0.665
334351  -1.164  -4.233  -0.35  -0.316  -1.244  -0.54  0.0080  -1.294
334225  0.347  0.213  -0.808  -1.064  -0.114  -0.146  0.149  -0.254
332935  0.426  0.137  1.127  0.742  -0.122  0.254  0.279  -0.062
335040  -0.319  -0.725  -0.428  -0.182  0.372  -0.044  0.112  0.048
334176  0.467  0.257  -0.616  -0.995  0.0070  -0.024  0.357  -0.042
332941  -0.306  -1.002  -0.489  -0.386  0.171  -0.203  -0.242  -0.59
333908  0.064  -0.121  -1.071  -1.55  -0.883  -0.656  -0.157  -0.151
1746311  -0.527  -0.951  -0.884  -1.032  -0.358  -0.286  -0.357  -0.405
337797  -0.277  -0.55  -0.469  -1.239  -0.759  -0.665  -0.309  -0.434
334925  -0.189  -0.695  -1.195  -1.555  -0.915  -1.112  -0.548  -0.776
333818  0.329  0.34  0.433  0.762  1.436  0.597  0.945  0.973
335256  0.737  0.553  0.382  0.194  0.424  0.253  0.489  0.358
332860  0.081  0.022  0.281  0.274  0.742  0.253  0.392  0.11
333483  0.577  0.654  0.555  0.755  0.789  0.535  0.831  0.355
1749980  -0.267  -0.826  -1.132  -1.196  -0.495  -0.503  -0.114  -0.284
976916  0.075  -0.283  -0.778  -1.867  -0.928  -0.708  -0.281  -0.398
976879  -0.013  -0.309  -0.874  -0.916  -0.59  -0.526  -0.098  -0.286
976791  -0.415  -2.28  -2.063  -1.719  -0.512  -0.248  -0.161  -0.382
935203  0.457  0.41  0.553  1.186  0.844  0.448  0.605  0.501
976902  0.302  0.338  0.508  0.852  0.814  0.722  0.626  0.471
935181  -0.49  -0.899  -0.798  -0.494  -0.443  -0.484  0.08  -0.446
976890  0.705  1.291  1.238  2.243  1.753  1.123  1.162  0.691
976885  0.594  0.619  0.485  0.859  0.751  0.577  0.607  0.392
935171  -0.345  -0.733  -0.293  -0.089  0.366  0.056  0.204  0.114
945526  -0.012  -0.046  -0.828  -2.67  -0.494  -0.736  -0.333  -0.122
945667  0.362  0.657  0.392  0.767  0.702  0.788  0.792  0.0070
865378  0.357  0.632  0.971  1.545  1.217  0.858  1.169  0.84
907486  -0.246  -0.726  -0.478  -0.531  -0.393  -0.206  -0.407  -0.564
905765  0.586  0.808  0.548  0.878  0.573  0.516  0.594  0.582
865426  -0.344  -0.776  -0.871  -0.743  -0.337  -0.368  -0.273  -0.399
865364  -0.183  -0.565  -0.674  -1.048  -0.383  -0.469  -0.24  -0.439
907309  0.455  0.99  1.039  1.441  1.323  0.895  0.966  0.575
865362  0.96  0.956  0.693  0.758  0.803  0.475  0.463  0.288
865330  0.913  1.772  1.764  2.793  1.951  1.419  1.827  1.147
907260  -0.052  -0.277  -0.755  -1.187  -0.531  -0.497  -0.224  -0.259
873807  -0.0020  -0.125  -0.498  -1.035  -0.71  -0.46  0.0050  -0.064
874189  -0.295  -0.679  -0.734  -0.857  -0.318  -0.236  -0.352  -0.314
860168  2.041  2.158  1.407  2.416  1.431  1.072  0.953  0.435
873943  1.347  1.059  0.833  0.637  0.522  0.224  0.251  0.37
876010  0.029  -0.254  -1.243  -2.876  -0.614  -0.569  -0.246  -0.244
860885  -0.56  -0.901  -0.494  -0.242  -0.19  -0.206  -0.388  -0.298
875572  -0.327  -0.788  -0.414  -0.288  -0.421  -0.13  -0.094  -0.388
875296  -1.183  -0.092  -0.309  -0.202  -1.277  -0.595  -1.317  -0.463
875051  -0.237  -0.509  -0.901  -1.188  -0.519  -0.727  -0.22  -0.351
1038124  0.145  0.106  -0.496  -0.816  -0.092  -0.323  -0.055  -0.04
1038042  -0.571  -0.453  -0.791  -0.847  -0.08  -0.0030  0.097  -0.048
1022045  0.0050  -0.263  -0.728  -0.298  -0.152  0.053  0.0010  -0.081
620800  -0.481  -0.453  -0.952  -0.648  -0.186  -0.409  -0.51  -0.803
522799  0.408  0.527  1.025  1.629  1.136  1.273  1.101  0.695
520876  -0.103  -0.321  -0.402  -0.799  -1.035  -0.89  -0.944  -1.237
520708  0.692  0.843  0.734  1.656  1.33  0.888  0.629  0.238
522876  -0.998  -2.065  -0.206  -0.398  -0.238  -1.024  -0.283  0.411
520508  0.643  0.639  0.629  1.22  0.926  0.716  0.346  0.104
521233  0.618  0.664  0.786  1.262  0.961  0.814  0.406  -0.036
520740  0.072  -0.219  -0.138  -0.015  0.09  0.032  -0.229  -0.776
520613  -0.447  -0.837  -0.523  -0.202  0.397  0.095  0.0020  -0.0010
521222  -0.583  -0.839  -0.283  0.067  0.219  -0.029  0.056  0.111
520908  0.561  1.426  1.5  2.308  1.503  0.905  0.76  0.248
523155  0.47  0.503  0.427  0.624  0.715  0.372  0.699  0.478
520714  0.899  0.894  1.193  1.964  1.46  0.875  0.791  0.509
976704  0.847  0.908  0.919  1.021  1.088  0.762  1.178  0.531
976667  0.403  0.596  0.476  0.463  0.634  0.497  0.93  0.555
976489  0.734  0.391  0.115  0.017  0.165  0.034  0.118  -0.204
976697  -0.377  0.561  0.159  0.115  -0.527  -0.202  -0.785  0.047
976659  0.414  0.055  -0.593  -1.163  -0.098  -0.084  0.551  0.109
976483  -0.322  -1.055  -1.053  -1.361  -0.751  -1.08  -0.969  -0.808
976436  0.866  0.99  0.927  1.857  1.306  0.705  0.909  0.492
1003470  -0.681  -0.753  -0.802  -0.383  -0.674  -0.756  -0.496  -0.616
976602  0.372  0.235  0.163  0.458  0.826  0.338  0.873  0.589
1003466  0.259  0.011  0.363  0.462  0.762  0.17  0.37  0.349
1003405  0.87  0.709  0.825  0.592  0.398  0.199  1.206  0.924
1003332  0.927  1.006  0.696  0.647  0.976  0.529  0.883  0.724
976648  0.375  0.635  0.562  0.964  1.054  0.672  1.023  0.936
1003448  0.161  0.141  0.197  0.732  0.475  0.312  0.381  0.138
976455  0.335  0.311  0.39  0.55  0.928  0.694  0.616  0.232
1003218  0.759  0.655  0.644  0.873  0.928  0.479  0.708  0.397
619998  -0.15  -0.252  -0.711  -0.677  -0.067  -0.02  -0.14  -0.117
476216  0.578  0.608  0.516  1.014  0.809  0.383  0.34  0.237
481224  -0.684  -0.915  -0.262  0.066  0.118  0.023  -0.02  0.048
572121  0.124  -0.689  -0.607  -0.226  -1.092  -0.289  -0.693  -0.514
476970  0.515  0.834  1.048  1.48  0.718  0.876  0.866  0.467
481675  0.018  -0.088  -0.135  -0.062  -1.048  0.018  -0.05  -0.137
478373  0.627  0.71  0.738  1.028  0.67  0.902  0.789  0.393
480924  0.49  0.674  1.11  1.802  1.281  0.928  0.443  0.128
480732  0.565  0.733  1.285  2.07  1.434  0.875  0.485  0.153
572018  -1.124  -0.139  -0.26  -0.277  -1.181  -0.606  -1.321  -0.726
480682  -0.315  0.452  0.184  0.095  -0.458  -0.143  -0.84  0.02
1139077  0.049  -0.031  -0.395  -0.799  -0.302  -0.271  -0.212  -0.095
1125615  0.68  1.281  1.114  2.174  1.843  0.992  1.363  0.693
635274  -0.209  -0.744  -0.209  -0.196  -0.353  -0.119  -0.474  -0.418
1149138  -0.376  -0.57  -0.808  -1.206  -0.317  -0.273  -0.106  -0.194
1148836  -0.441  -0.942  -0.346  -0.297  -0.227  -0.104  -0.271  -0.243
1148828  0.861  0.583  0.845  0.834  0.679  0.426  0.618  0.228
1148891  -0.266  -0.586  -0.711  -0.548  -0.21  -0.122  -0.158  -0.209
1149003  0.032  1.652  1.377  1.947  1.813  1.104  1.336  0.896
1149675  0.649  0.944  0.935  1.442  1.043  0.791  1.212  0.9
1093058  0.046  0.894  0.748  0.827  0.861  0.57  0.795  0.637
1092018  0.015  -0.185  -0.484  -1.752  -0.94  -1.827  -1.815  -1.048
1148547  0.448  0.735  0.368  0.806  0.914  0.641  0.705  0.47
1148463  -0.9  -1.805  -1.202  -0.606  -1.283  -0.497  -0.227  -0.715
1092877  -1.006  -0.028  -0.07  -0.041  -0.629  -0.354  -0.453  -0.347
1092501  1.018  1.756  1.247  2.094  1.155  0.59  0.744  0.2
1148798  -0.338  -0.928  -0.655  -0.137  -0.14  0.099  -0.15  -0.098
1092146  0.395  0.686  0.792  0.79  0.869  0.696  0.731  0.409
1264659  0.462  0.458  0.532  0.874  0.51  0.273  0.25  0.08
1245329  -0.116  -0.211  -0.81  -0.735  -0.327  -0.391  -0.25  -0.18
1265347  -0.266  -0.963  -0.401  -1.033  -0.496  -0.575  -0.215  -0.194
1265525  0.307  0.491  0.329  0.723  0.422  0.44  0.462  0.375
1263770  -0.329  -0.709  -2.973  -3.711  -0.945  -0.692  -0.367  -0.4
1263525  0.487  0.511  0.809  1.137  0.74  0.726  0.421  0.233
1244627  -0.391  -0.815  -0.365  -0.262  -0.328  -0.088  -0.33  -0.459
336183  0.589  0.654  0.597  1.034  0.622  0.701  0.44  0.095
335946  -0.02  0.081  -0.0010  -0.917  -2.783  -3.097  -2.555  -2.245
642577  -1.532  -1.172  -1.97  -2.749  -2.078  -1.588  -0.756  -0.467
642342  -0.851  -0.742  -0.614  -0.738  -0.368  -0.526  -0.38  -0.299
643603  -1.05  -0.281  -0.32  -0.309  -1.23  -0.602  -1.148  -0.575
642427  0.647  0.729  0.294  0.768  0.735  0.386  0.499  0.421
336703  0.481  0.845  0.519  0.951  0.628  0.477  0.893  0.548
1261370  0.0030  -0.618  -1.675  -3.499  -2.178  -1.933  -1.653  -1.23
1261528  -0.48  -0.942  -0.659  -0.552  -0.469  -0.271  -0.489  -0.649
1230178  0.463  0.635  0.607  0.639  0.536  0.493  0.841  0.519
1260230  -0.663  -1.135  -0.684  -0.68  -0.399  -0.325  -0.288  -0.21
1261819  0.751  0.522  0.547  0.906  0.56  0.447  0.538  0.14
1229575  0.257  -0.028  0.12  0.721  0.653  0.348  0.743  0.443
1260116  0.125  0.171  -0.245  -0.74  -0.275  -0.422  -0.127  -0.029
1230140  -0.176  -0.183  -0.549  -0.701  -0.565  -0.58  -0.396  -0.315
1229766  0.07  -0.05  -0.15  -0.897  -1.096  -1.08  -0.429  -0.501
1448001  1.798  1.488  0.92  1.45  1.532  1.402  1.483  0.659
1477949  -0.142  -0.105  -0.162  0.08  0.065  -0.84  -0.0040  0.023
1477668  -0.32  -0.392  -0.307  -0.128  -0.144  -1.073  -0.264  -0.413
1477073  0.248  0.185  -0.213  -2.141  -0.632  -1.638  -0.62  -0.55
1446589  -0.26  -0.071  -0.241  -0.865  -0.292  -0.388  -0.139  -0.087
1447284  0.019  -0.177  -0.573  -0.747  -0.255  -0.465  0.04  -0.158
1448206  -0.182  -0.444  -0.257  -0.452  -0.7  -0.735  -1.938  -0.828
1479941  -0.09  0.156  0.031  -0.264  -0.699  -0.847  -0.28  -0.098
1478461  -0.381  -0.8  -0.387  -0.446  -0.309  -0.148  -0.454  -0.59
334464  0.471  0.702  0.441  0.323  0.316  0.355  0.402  0.204
335077  0.523  0.214  0.079  -0.019  -0.635  -0.695  -0.751  -1.203
737699  0.626  0.828  0.217  0.369  0.23  0.042  0.122  0.176
334677  0.432  0.634  0.302  0.759  0.591  0.623  0.48  0.098
334553  0.8  0.905  0.317  1.774  0.906  1.325  0.731  0.531
334835  0.796  0.63  0.563  0.597  1.056  0.674  0.757  0.406
597026  0.148  0.26  0.325  0.762  0.61  0.395  0.701  0.496
570994  0.672  0.159  -0.456  -1.242  -0.741  -0.986  -0.787  -1.188
303581  -0.675  -1.443  -1.583  -1.561  -1.348  -1.616  -0.568  -0.804
596534  -0.245  -1.116  -2.702  -4.762  -2.951  -2.015  -0.877  -0.842
303438  -0.208  -0.542  -1.283  -1.779  -0.786  -0.995  -0.105  -0.287
581712  -0.956  0.363  0.068  -0.048  -0.85  -0.455  -1.064  -0.319
639586  0.626  -0.111  -0.291  -1.694  -1.933  -1.416  -1.091  -1.289
634855  0.754  0.821  1.039  1.562  0.947  0.486  0.652  0.334
671364  0.069  0.03  -0.581  -0.862  -0.395  -0.446  -0.318  -0.146
642511  0.459  0.764  1.048  1.713  1.919  1.007  1.164  0.766
635526  1.06  1.726  1.576  2.638  1.999  1.186  1.491  0.973
570539  0.705  0.405  0.19  0.48  0.29  0.359  0.389  -0.231
653582  0.183  0.021  -0.876  -1.484  -0.793  -0.83  -0.734  -0.489
313534  0.661  0.878  0.983  1.183  1.039  0.832  1.1  0.77
793166  0.577  0.895  0.827  0.941  0.595  0.322  0.424  0.16
792996  0.946  1.513  0.722  1.261  1.273  1.01  1.782  0.669
791784  0.804  1.02  0.634  1.035  0.747  0.437  0.724  0.561
791607  0.465  0.339  0.671  0.533  0.723  0.614  0.686  0.41
793529  1.019  1.571  1.493  2.28  1.54  0.995  1.254  1.189
793020  0.725  1.272  1.521  2.575  2.077  1.14  1.5  0.831
793006  0.589  0.694  0.684  0.706  0.564  0.46  0.629  0.475
791432  0.564  0.769  0.559  0.685  0.877  0.603  0.787  0.621
793122  0.343  0.375  0.495  0.556  0.817  0.474  0.822  0.281
792998  0.0090  1.0  0.949  1.271  1.156  0.681  0.655  0.403
1495812  0.535  0.762  1.102  1.336  0.833  0.757  0.888  0.32
1383367  -0.705  -0.932  -1.346  -0.892  -0.821  -0.495  -0.505  -0.309
331435  0.621  0.722  0.678  0.905  1.03  0.654  0.633  0.276
1495778  0.396  0.256  0.274  0.807  0.154  0.688  0.541  -0.145
1382780  0.704  0.597  0.74  1.462  0.751  0.906  0.764  0.488
1383150  0.177  -0.028  -0.101  0.011  -0.19  -0.124  -0.306  -0.825
1447896  0.497  0.594  0.677  0.976  0.827  0.708  0.736  0.39
1383669  0.636  0.453  0.506  0.298  0.796  0.369  0.464  0.218
1382758  0.211  -0.153  -1.858  -2.738  -1.117  -1.34  -0.432  -0.748
1383330  1.686  1.98  0.815  1.121  0.615  0.175  0.449  0.381
331512  -0.347  -0.775  -0.66  -1.595  -0.686  -0.665  -0.606  -0.632
1447730  0.144  0.256  0.501  0.623  0.731  0.39  0.419  0.329
1384169  0.866  0.929  0.954  1.123  0.728  0.367  0.875  0.294
1383322  0.653  0.593  0.011  -0.694  -0.635  -0.882  -0.806  -1.357
1382311  0.063  -0.11  -0.67  -1.38  -0.103  -0.289  -0.023  -0.268
331395  0.376  0.272  0.833  0.614  -0.0070  0.288  0.281  -0.063
1383601  0.599  0.494  0.679  0.785  1.019  0.536  0.744  0.324
1430527  0.12  -0.099  -0.541  -1.246  -1.207  -1.131  -0.542  -0.825
1383744  -1.214  -1.641  -1.006  -3.64  -1.585  -1.611  -0.323  -0.552
330427  -0.619  -0.714  -0.7  -1.793  -0.972  -1.161  -0.543  -0.325
946187  -0.553  -0.842  -0.648  -0.586  -0.187  -0.141  -0.168  -0.149
599101  -0.388  -0.715  -0.317  -0.249  -0.257  -0.064  -0.333  -0.462
934800  -0.507  -0.897  -0.586  -0.81  -0.449  -0.559  -0.306  -0.296
616626  0.026  -0.321  -0.682  -0.965  -0.453  -0.376  -0.239  -0.401
934892  -0.296  -0.675  -0.291  -0.852  -0.567  -0.356  -0.147  -0.103
599134  0.346  0.378  0.681  0.846  0.661  0.628  0.56  0.307
617627  -0.197  -0.71  -0.253  -0.251  -0.174  -0.072  -0.228  -0.533
617281  -0.195  -0.077  -0.44  -1.169  -0.8  -0.401  -0.329  -0.111
865047  0.544  0.516  0.472  0.707  0.692  0.4  0.459  0.222
821676  -0.214  -0.662  -0.868  -0.802  -0.416  -0.465  -0.103  -0.273
865166  -0.588  -1.134  -0.744  -0.68  -0.084  -0.195  -0.149  -0.069
865140  -0.423  -0.622  -0.148  -0.015  0.382  -1.315  -0.605  0.26
656654  0.588  -0.522  -0.332  0.036  -1.35  -0.178  -0.425  -0.302
532659  0.704  0.536  0.61  1.041  0.692  0.47  0.723  0.312
536577  0.121  0.095  -0.478  -2.094  -1.378  -2.399  -1.762  -1.461
534015  0.465  0.601  0.347  0.765  0.576  0.477  0.753  0.425
818508  0.121  0.245  0.351  0.633  0.687  0.496  0.74  0.243
747208  1.15  0.459  0.631  0.089  0.038  0.801  0.156  0.034
734101  -1.634  -2.22  -2.073  -2.397  -1.086  -0.968  -0.449  -0.529
720400  -0.343  0.714  0.249  0.622  0.745  0.435  0.297  0.395
717197  0.0050  0.727  0.373  0.462  -0.033  0.167  -0.077  0.548
696374  0.309  0.419  0.47  0.608  0.783  0.466  0.65  0.365
681236  -0.318  -1.004  -0.659  -0.613  -0.578  -0.282  -0.693  -0.453
876033  -0.366  -0.35  -0.567  -0.87  -0.466  -0.508  -0.178  -0.108
873940  1.171  1.256  1.309  1.874  1.35  0.774  1.237  0.681
860360  -0.992  -1.042  0.284  0.145  0.428  -0.08  0.139  0.0090
642394  -0.268  -0.687  -0.678  -0.82  -0.606  -0.278  -0.095  -0.355
643902  -0.554  -1.396  -1.889  -2.222  -1.548  -1.015  -0.35  -0.628
638739  -1.284  -0.616  -0.224  -0.166  -0.171  -0.108  -0.089  -0.123
637338  -0.503  -0.454  -0.84  -1.275  -0.84  -0.524  -0.416  -0.443
637291  0.0  -0.122  -0.384  -0.704  -0.343  -0.322  -0.232  -0.158
636695  0.133  0.044  -0.361  -0.905  -0.556  -0.88  -1.394  -0.525
638302  0.11  -0.116  -0.413  -1.149  -0.507  -0.784  -0.603  -0.456
622920  0.94  1.28  1.137  1.598  1.143  0.935  0.856  0.583
635530  -0.763  -1.179  -1.094  -1.002  -0.49  -0.293  -0.289  -0.473
621883  0.6  0.51  0.091  0.987  0.477  1.207  0.573  0.346
619970  -0.218  -0.57  -0.78  -0.899  -0.479  -0.582  -0.499  -0.411
617197  0.5  0.668  0.345  0.779  0.274  0.53  0.628  0.4
620311  0.191  0.284  0.247  0.776  0.527  0.442  0.286  0.451
617437  0.768  0.694  0.548  0.935  0.831  0.384  0.635  0.478
622383  -0.39  -0.829  -0.38  -0.452  -0.33  -0.278  -0.452  -0.569
619958  0.528  1.022  0.911  1.412  1.18  1.259  1.146  0.708
618824  -0.343  -0.561  -0.639  -1.066  -0.474  -0.254  -0.333  -0.504
597280  -0.339  -0.966  -1.158  -2.317  -1.243  -1.068  -0.747  -0.604
598060  -0.272  -0.751  -0.655  -0.743  -0.45  -0.167  -0.328  -0.451
583769  0.608  1.066  0.565  1.165  0.689  0.378  0.508  0.278
596447  -0.113  -0.112  -0.055  -0.8  -0.952  -0.215  -0.216  -0.356
598824  -0.126  -0.654  -0.923  -0.95  -1.198  -1.145  -0.598  -0.689
596348  0.273  0.169  -0.143  -0.447  -0.675  -0.767  -0.476  -0.956
598146  -0.417  -0.769  -0.397  -0.459  -0.537  -0.235  -0.248  -0.531
580753  0.212  0.166  0.57  -0.763  -0.059  -0.162  0.348  -0.456
573770  -0.079  -0.22  -0.628  -0.667  -0.901  -0.541  -0.403  -0.371
575285  0.556  0.418  0.7  1.168  0.814  1.016  0.842  0.335
493658  -1.055  -3.201  -0.653  -0.209  -0.335  -0.183  -0.1  -0.689
571334  0.381  0.444  0.805  1.081  0.791  0.961  0.961  0.365
493212  -1.237  -1.659  -0.455  -0.391  -0.252  -0.286  -0.129  -0.149
481362  -1.09  -0.202  -0.262  -0.293  -1.196  -0.498  -1.164  -0.508
482602  -0.554  -0.839  -0.777  -0.549  -0.038  -0.38  -0.204  -0.021
483006  0.791  0.529  0.972  1.017  0.376  0.728  0.778  0.059
482369  0.01  -0.042  -0.45  -0.752  -0.277  -0.051  0.02  -0.149
481146  -0.844  -1.661  -0.491  -0.143  -0.306  -0.035  -0.174  -0.319
481507  -0.432  -0.74  -0.288  -0.4  -0.349  -0.127  -0.442  -0.545
481867  0.609  0.582  0.165  0.804  0.321  0.528  0.266  0.129
475840  -0.923  -1.053  -0.942  -1.195  -0.79  -0.414  -0.439  -0.504
472801  -0.547  -1.842  -2.74  -4.3  -3.085  -3.34  -1.425  -1.176
464134  1.211  1.491  1.036  1.732  1.293  0.904  0.793  0.739
463860  -0.386  -0.79  -0.526  -0.573  -0.437  -0.335  -0.616  -0.649
456249  -0.24  -0.705  -0.591  -0.427  -0.364  -0.143  -0.309  -0.244
458513  -0.353  -0.742  -0.298  -0.271  -0.285  -0.057  -0.326  -0.366
446084  0.854  1.002  1.348  1.649  1.278  1.095  1.025  0.92
444918  -0.253  -0.547  -0.759  -0.617  -0.219  -0.208  -0.092  -0.252
426172  -0.322  -0.824  -0.308  -0.299  -0.314  -0.139  -0.462  -0.52
437213  -0.18  -0.538  -0.499  -1.299  -0.579  -0.675  -0.053  -0.255
426010  0.377  0.06  -0.626  -1.45  -1.24  -1.026  -0.495  -0.795
418952  -0.819  -1.095  -0.27  -0.113  -0.011  -0.051  -0.38  -0.316
406897  -0.046  -0.585  -0.797  -1.251  -0.381  -0.574  -0.368  -0.399
403071  -0.253  -1.803  -5.972  -11.85  -3.915  -6.208  -2.768  -1.679
354859  0.816  0.982  0.635  0.678  0.896  0.46  0.767  0.541
354601  -0.104  -0.347  -0.53  -0.756  -0.021  -0.089  0.03  -0.023
334876  -0.826  -0.171  1.382  0.94  0.601  0.21  0.637  0.953
338152  -0.696  -0.171  0.731  0.387  0.038  -0.03  0.25  0.505
336325  -0.19  -0.579  -0.561  -0.807  -0.325  -0.433  0.035  -0.187
334132  0.549  -0.036  -1.274  -1.791  -0.765  -1.315  -0.369  -0.277
336021  0.69  0.97  0.966  1.446  1.269  0.835  1.007  0.535
331646  -0.123  -0.378  -0.722  -0.991  -0.519  -0.667  -0.368  -0.146
331424  0.45  0.828  0.629  1.138  0.595  0.455  0.418  0.183
330613  -0.03  -0.047  -0.665  -1.552  -0.678  -0.803  -0.725  -0.217
315913  -0.131  -0.112  -0.317  -0.754  -0.536  -0.611  -0.334  -0.228
775189  0.327  0.321  0.426  0.749  0.541  0.497  0.364  0.219
779373  0.427  0.486  0.853  1.495  1.209  0.643  0.934  0.745
760857  1.243  1.824  1.569  2.671  1.644  1.305  1.541  1.094
805218  0.81  0.641  0.545  0.973  1.137  0.518  0.711  0.355
945014  -0.486  -0.743  -0.066  0.046  0.364  0.176  0.172  0.0060
805835  0.165  0.544  0.678  0.883  1.003  0.648  0.958  0.564
834225  0.881  1.082  0.987  1.871  1.327  0.866  0.866  0.496
