 1077557   1
1228255   1
1265881   1
366999   1
944340   1
524644   1
681810   1
1162792   1
524191   1
1068748   1
538320   1
902951   1
521350   1
521648   1
987791   1
316441   1
1197111   1
520740   1
976489   1
335077   1
570994   1
1383150   1
1383322   1
820434   2
1005802   2
1005899   2
620243   2
1005837   2
520353   2
518913   2
963216   2
619095   2
478158   2
535030   2
536520   2
389987   2
1040661   2
1040154   2
1077458   2
1077712   2
1040887   2
1077501   2
1040230   2
1077734   2
1077628   2
1077767   2
1227749   2
1227730   2
1227446   2
1227964   2
1227794   2
1227239   2
1449868   2
734278   2
775297   2
775197   2
459497   2
482206   2
463982   2
479543   2
792846   2
792960   2
1382197   2
1332871   2
1226115   2
1195602   2
933757   2
835372   2
806093   2
560899   2
560901   2
560431   2
1005637   2
1005138   2
519074   2
517763   2
517757   2
517556   2
516594   2
517428   2
516569   2
368442   2
367133   2
368514   2
335808   2
335768   2
935643   2
960079   2
2102061   2
2101885   2
524391   2
524845   2
524351   2
1038921   2
696896   2
596247   2
1223761   2
1224492   2
597257   2
1223739   2
1211398   2
596455   2
596643   2
597159   2
1222894   2
406747   2
1278753   2
1278569   2
426173   2
407703   2
407600   2
779057   2
1162896   2
876696   2
903245   2
1162727   2
819734   2
819789   2
805986   2
560115   2
541156   2
560372   2
350489   2
350927   2
1004409   2
989776   2
990152   2
1004124   2
990960   2
515926   2
903231   2
959695   2
948910   2
2102050   2
2101997   2
524982   2
524759   2
1002364   2
1002830   2
1020649   2
1001588   2
635981   2
388693   2
618120   2
576062   2
620773   2
574757   2
440614   2
372899   2
598176   2
400761   2
1382096   2
1383390   2
403935   2
403755   2
402270   2
536961   2
536913   2
778476   2
777568   2
871947   2
871756   2
805411   2
819722   2
790062   2
819796   2
539525   2
539055   2
540358   2
976978   2
514004   2
902269   2
891219   2
1038333   2
1038386   2
1037686   2
521132   2
521479   2
522368   2
1050526   2
1001364   2
576361   2
573953   2
1195358   2
1154002   2
334712   2
634957   2
318867   2
316763   2
1193443   2
1193180   2
1149877   2
1193468   2
1193680   2
1150770   2
1379900   2
1365095   2
1364755   2
1329349   2
680584   2
669703   2
1277623   2
1277168   2
762309   2
720629   2
314112   2
316867   2
334798   2
1749974   2
334225   2
334176   2
333908   2
337797   2
334925   2
1749980   2
976916   2
976879   2
945526   2
865426   2
865364   2
907260   2
873807   2
874189   2
876010   2
875051   2
1038124   2
1022045   2
620800   2
976659   2
976483   2
619998   2
1139077   2
1149138   2
1245329   2
1265347   2
1263770   2
642577   2
1261370   2
1260116   2
1230140   2
1477073   2
1446589   2
1447284   2
303581   2
596534   2
303438   2
671364   2
653582   2
1382758   2
331512   2
1382311   2
1430527   2
1383744   2
330427   2
616626   2
934892   2
617281   2
821676   2
876033   2
642394   2
643902   2
637338   2
637291   2
638302   2
619970   2
618824   2
597280   2
573770   2
482369   2
472801   2
444918   2
437213   2
426010   2
406897   2
403071   2
354601   2
336325   2
334132   2
331646   2
330613   2
315913   2
847332   3
847300   3
960606   3
961975   3
618975   3
533799   3
1107551   3
637017   3
1227418   3
1400848   3
1430219   3
749109   3
775309   3
598561   3
1382621   3
1247764   3
959909   3
1097079   3
1065669   3
1038875   3
1225780   3
832342   3
1224496   3
597372   3
597157   3
597004   3
1383865   3
407582   3
1383115   3
1278248   3
1179412   3
515835   3
516004   3
515860   3
515361   3
959862   3
959860   3
959820   3
523876   3
1068714   3
1020580   3
1210036   3
1382782   3
719120   3
719360   3
719193   3
992105   3
514386   3
875880   3
523150   3
521720   3
522398   3
332940   3
317686   3
313884   3
1196445   3
1196439   3
680284   3
678649   3
680298   3
875296   3
520876   3
976697   3
572121   3
481675   3
572018   3
480682   3
1092018   3
1092877   3
335946   3
643603   3
1229766   3
1477949   3
1477668   3
1448206   3
1479941   3
581712   3
639586   3
656654   3
536577   3
636695   3
596447   3
596348   3
481362   3
846160   4
846353   4
846978   4
846924   4
846452   4
818743   4
1005857   4
1005968   4
1005901   4
1005990   4
1005953   4
1005717   4
521046   4
518990   4
518979   4
518896   4
521019   4
519512   4
520197   4
521117   4
518969   4
518754   4
520117   4
518812   4
1003047   4
961070   4
960487   4
535634   4
535257   4
536663   4
536543   4
1107846   4
1107386   4
1125099   4
1077517   4
1040166   4
1077761   4
1077503   4
1077687   4
1077532   4
1077666   4
1040259   4
1077645   4
1077477   4
1244161   4
1247611   4
1248131   4
640532   4
636517   4
1227468   4
1227378   4
1227989   4
1227544   4
1227976   4
1227434   4
1227243   4
1227633   4
1224764   4
1449999   4
723318   4
722797   4
775403   4
775226   4
790029   4
774935   4
775144   4
482571   4
479775   4
475063   4
792656   4
791758   4
793134   4
793009   4
791872   4
792914   4
792988   4
791901   4
792867   4
1382413   4
1314895   4
1380433   4
1382381   4
1382644   4
1382015   4
834976   4
834953   4
934450   4
865299   4
560555   4
865300   4
821944   4
821851   4
560499   4
822470   4
831850   4
832825   4
818194   4
803875   4
818486   4
803854   4
831668   4
1004868   4
1004819   4
1004859   4
1005084   4
1005668   4
1004845   4
517641   4
517589   4
517456   4
516843   4
517705   4
517326   4
519375   4
517625   4
516984   4
517620   4
516714   4
516646   4
517500   4
519076   4
517772   4
517467   4
387455   4
368571   4
353114   4
367377   4
374302   4
367026   4
337692   4
335781   4
335452   4
335436   4
922316   4
935514   4
368542   4
2101337   4
2101335   4
2102165   4
532880   4
524848   4
532703   4
524846   4
1094784   4
1064754   4
1038959   4
1038842   4
1039155   4
1038690   4
1039990   4
1038883   4
1023725   4
1038880   4
1039348   4
1038996   4
1038704   4
1002453   4
1038979   4
1038815   4
1038945   4
1230698   4
871232   4
765039   4
657946   4
334181   4
1223764   4
1224454   4
1222665   4
1222578   4
1224259   4
1222968   4
1384195   4
1383143   4
1383596   4
1383858   4
720866   4
1279000   4
598801   4
1350327   4
1279123   4
1278245   4
597530   4
437239   4
406863   4
438799   4
779918   4
791140   4
779672   4
779429   4
791106   4
779426   4
1195917   4
1195446   4
1195881   4
1177991   4
894582   4
819851   4
805980   4
541305   4
541231   4
808846   4
806802   4
808029   4
350787   4
1004099   4
990556   4
515470   4
515500   4
517242   4
515483   4
515590   4
515735   4
515611   4
1109733   4
1109616   4
1082018   4
1037975   4
1038558   4
1110364   4
1109863   4
524703   4
523934   4
524932   4
524656   4
523990   4
524748   4
1077867   4
621720   4
1002370   4
374298   4
387840   4
620068   4
423026   4
1210238   4
1209286   4
1223549   4
1224217   4
1382235   4
403578   4
407708   4
404586   4
403654   4
403623   4
692690   4
719429   4
1279508   4
400720   4
404103   4
538218   4
538114   4
537797   4
537509   4
778680   4
778733   4
778391   4
778696   4
778529   4
747976   4
871154   4
860266   4
872058   4
849182   4
860231   4
851648   4
818229   4
317222   4
846947   4
871047   4
846935   4
790431   4
805390   4
789847   4
820086   4
819970   4
819872   4
805408   4
539087   4
539324   4
539536   4
539108   4
988520   4
988556   4
988801   4
988794   4
976981   4
976934   4
514016   4
513915   4
907725   4
514319   4
514051   4
891364   4
870828   4
864447   4
871122   4
871045   4
1037920   4
1038304   4
1037884   4
1037771   4
1038449   4
522029   4
521952   4
523460   4
521641   4
521882   4
1024791   4
1003901   4
976760   4
976758   4
1003858   4
987445   4
482719   4
1195037   4
331144   4
350912   4
334682   4
334467   4
635510   4
1193633   4
1193218   4
1150897   4
1197070   4
1149790   4
1378509   4
1281405   4
1366423   4
1282320   4
1380996   4
1378629   4
680058   4
643707   4
642972   4
652935   4
329551   4
1276836   4
329775   4
330537   4
1511542   4
1497580   4
764395   4
750284   4
720387   4
695452   4
677460   4
681768   4
426150   4
349266   4
335924   4
334713   4
332935   4
333818   4
335256   4
332860   4
333483   4
935203   4
976902   4
976890   4
976885   4
945667   4
865378   4
905765   4
907309   4
865362   4
865330   4
860168   4
873943   4
522799   4
520708   4
520508   4
521233   4
520908   4
523155   4
520714   4
976704   4
976667   4
976436   4
976602   4
1003466   4
1003405   4
1003332   4
976648   4
1003448   4
976455   4
1003218   4
476216   4
476970   4
478373   4
480924   4
480732   4
1125615   4
1148828   4
1149003   4
1149675   4
1093058   4
1148547   4
1092501   4
1092146   4
1264659   4
1265525   4
1263525   4
336183   4
642427   4
336703   4
1230178   4
1261819   4
1229575   4
1448001   4
334464   4
737699   4
334677   4
334553   4
334835   4
597026   4
634855   4
642511   4
635526   4
570539   4
313534   4
793166   4
792996   4
791784   4
791607   4
793529   4
793020   4
793006   4
791432   4
793122   4
792998   4
1495812   4
331435   4
1495778   4
1447896   4
1383669   4
1383330   4
1447730   4
1384169   4
331395   4
1383601   4
599134   4
865047   4
532659   4
534015   4
747208   4
720400   4
717197   4
696374   4
873940   4
622920   4
617197   4
620311   4
617437   4
619958   4
583769   4
575285   4
571334   4
483006   4
481867   4
464134   4
446084   4
354859   4
334876   4
338152   4
336021   4
331424   4
775189   4
779373   4
760857   4
805218   4
805835   4
834225   4
849103   5
848613   5
518988   5
963217   5
619519   5
619105   5
533961   5
536592   5
535934   5
400635   5
389562   5
1077399   5
1040596   5
1077529   5
1077424   5
637211   5
636618   5
1228117   5
793039   5
1346255   5
1381903   5
934543   5
831751   5
1005145   5
518682   5
368082   5
349430   5
335555   5
335828   5
335551   5
400531   5
1067050   5
1065847   5
1066710   5
1195684   5
1195775   5
596813   5
1383594   5
407674   5
598072   5
597616   5
779196   5
1139544   5
1053953   5
1153720   5
1177854   5
819760   5
819928   5
834600   5
540946   5
541140   5
516294   5
517227   5
516471   5
523831   5
1053922   5
1066981   5
1078999   5
1002759   5
1002668   5
618692   5
622732   5
582093   5
1210259   5
720190   5
318539   5
777834   5
777536   5
807658   5
989093   5
992031   5
991488   5
976930   5
1037652   5
1038416   5
1003892   5
573898   5
481915   5
1181707   5
317871   5
634781   5
330805   5
1264951   5
653231   5
1497623   5
764568   5
422226   5
317328   5
334351   5
335040   5
332941   5
1746311   5
976791   5
935181   5
935171   5
907486   5
860885   5
875572   5
522876   5
520613   5
521222   5
1003470   5
481224   5
635274   5
1148836   5
1148463   5
1148798   5
1244627   5
642342   5
1261528   5
1260230   5
1478461   5
946187   5
599101   5
934800   5
617627   5
865166   5
865140   5
734101   5
681236   5
860360   5
638739   5
635530   5
622383   5
598060   5
598146   5
493658   5
493212   5
482602   5
481146   5
481507   5
475840   5
463860   5
456249   5
458513   5
426172   5
418952   5
945014   5
